path,pred,pred_name,conf,p_earlyblt,p_healthy,p_lateblt
D:\inzynierka\Datasety_do_treningu\potato\test_images\cls\earlyblt\earlyblt10859.jpg,0,earlyblt,0.963822,0.963822,0.018078,0.018100
D:\inzynierka\Datasety_do_treningu\potato\test_images\cls\earlyblt\earlyblt11036.jpg,0,earlyblt,0.919661,0.919661,0.047196,0.033143
D:\inzynierka\Datasety_do_treningu\potato\test_images\cls\earlyblt\earlyblt11879.jpg,0,earlyblt,0.906557,0.906557,0.022819,0.070624
D:\inzynierka\Datasety_do_treningu\potato\test_images\cls\earlyblt\earlyblt12022.jpg,0,earlyblt,0.881833,0.881833,0.028202,0.089966
D:\inzynierka\Datasety_do_treningu\potato\test_images\cls\earlyblt\earlyblt12146.jpg,0,earlyblt,0.789563,0.789563,0.190626,0.019811
D:\inzynierka\Datasety_do_treningu\potato\test_images\cls\earlyblt\earlyblt12383.jpg,0,earlyblt,0.879577,0.879577,0.031454,0.088970
D:\inzynierka\Datasety_do_treningu\potato\test_images\cls\earlyblt\earlyblt12396.jpg,0,earlyblt,0.825365,0.825365,0.031069,0.143566
D:\inzynierka\Datasety_do_treningu\potato\test_images\cls\earlyblt\earlyblt12441.jpg,0,earlyblt,0.947565,0.947565,0.022766,0.029669
D:\inzynierka\Datasety_do_treningu\potato\test_images\cls\earlyblt\earlyblt12734.jpg,0,earlyblt,0.886161,0.886161,0.032724,0.081115
D:\inzynierka\Datasety_do_treningu\potato\test_images\cls\earlyblt\earlyblt13188.jpg,0,earlyblt,0.859864,0.859864,0.079397,0.060739
D:\inzynierka\Datasety_do_treningu\potato\test_images\cls\earlyblt\earlyblt13295.jpg,0,earlyblt,0.741324,0.741324,0.065676,0.193000
D:\inzynierka\Datasety_do_treningu\potato\test_images\cls\earlyblt\earlyblt13305.jpg,0,earlyblt,0.898459,0.898459,0.050403,0.051138
D:\inzynierka\Datasety_do_treningu\potato\test_images\cls\earlyblt\earlyblt13310.jpg,0,earlyblt,0.920134,0.920134,0.039250,0.040616
D:\inzynierka\Datasety_do_treningu\potato\test_images\cls\earlyblt\earlyblt13356.jpg,0,earlyblt,0.956853,0.956853,0.023954,0.019194
D:\inzynierka\Datasety_do_treningu\potato\test_images\cls\earlyblt\earlyblt13558.jpg,2,lateblt,0.777007,0.182114,0.040879,0.777007
D:\inzynierka\Datasety_do_treningu\potato\test_images\cls\earlyblt\earlyblt13615.jpg,0,earlyblt,0.932370,0.932370,0.021620,0.046010
D:\inzynierka\Datasety_do_treningu\potato\test_images\cls\earlyblt\earlyblt13626.jpg,0,earlyblt,0.901199,0.901199,0.025328,0.073473
D:\inzynierka\Datasety_do_treningu\potato\test_images\cls\earlyblt\earlyblt13632.jpg,2,lateblt,0.659228,0.290751,0.050021,0.659228
D:\inzynierka\Datasety_do_treningu\potato\test_images\cls\earlyblt\earlyblt13660.jpg,0,earlyblt,0.841373,0.841373,0.029362,0.129264
D:\inzynierka\Datasety_do_treningu\potato\test_images\cls\earlyblt\earlyblt13683.jpg,0,earlyblt,0.972103,0.972103,0.020727,0.007171
D:\inzynierka\Datasety_do_treningu\potato\test_images\cls\earlyblt\earlyblt13691.jpg,0,earlyblt,0.985033,0.985033,0.010637,0.004331
D:\inzynierka\Datasety_do_treningu\potato\test_images\cls\earlyblt\earlyblt13721.jpg,0,earlyblt,0.892815,0.892815,0.037490,0.069695
D:\inzynierka\Datasety_do_treningu\potato\test_images\cls\earlyblt\earlyblt13740.jpg,0,earlyblt,0.716067,0.716067,0.052593,0.231340
D:\inzynierka\Datasety_do_treningu\potato\test_images\cls\earlyblt\earlyblt13790.jpg,0,earlyblt,0.929558,0.929558,0.033176,0.037265
D:\inzynierka\Datasety_do_treningu\potato\test_images\cls\earlyblt\earlyblt13814.jpg,0,earlyblt,0.925185,0.925185,0.027483,0.047332
D:\inzynierka\Datasety_do_treningu\potato\test_images\cls\earlyblt\earlyblt13867.jpg,0,earlyblt,0.811054,0.811054,0.030397,0.158549
D:\inzynierka\Datasety_do_treningu\potato\test_images\cls\earlyblt\earlyblt14125.jpg,0,earlyblt,0.939963,0.939963,0.027676,0.032361
D:\inzynierka\Datasety_do_treningu\potato\test_images\cls\earlyblt\earlyblt14172.jpg,0,earlyblt,0.702168,0.702168,0.066540,0.231292
D:\inzynierka\Datasety_do_treningu\potato\test_images\cls\earlyblt\earlyblt14337.jpg,0,earlyblt,0.594566,0.594566,0.084365,0.321069
D:\inzynierka\Datasety_do_treningu\potato\test_images\cls\earlyblt\earlyblt14350.jpg,0,earlyblt,0.748614,0.748614,0.096431,0.154955
D:\inzynierka\Datasety_do_treningu\potato\test_images\cls\earlyblt\earlyblt14351.jpg,0,earlyblt,0.510627,0.510627,0.052979,0.436394
D:\inzynierka\Datasety_do_treningu\potato\test_images\cls\earlyblt\earlyblt14360.jpg,0,earlyblt,0.771928,0.771928,0.045117,0.182955
D:\inzynierka\Datasety_do_treningu\potato\test_images\cls\earlyblt\earlyblt14373.jpg,0,earlyblt,0.909225,0.909225,0.026174,0.064600
D:\inzynierka\Datasety_do_treningu\potato\test_images\cls\earlyblt\earlyblt14441.jpg,0,earlyblt,0.886088,0.886088,0.038551,0.075361
D:\inzynierka\Datasety_do_treningu\potato\test_images\cls\earlyblt\earlyblt14507.jpg,0,earlyblt,0.739149,0.739149,0.055641,0.205209
D:\inzynierka\Datasety_do_treningu\potato\test_images\cls\earlyblt\earlyblt14756.jpg,0,earlyblt,0.944140,0.944140,0.025018,0.030842
D:\inzynierka\Datasety_do_treningu\potato\test_images\cls\earlyblt\earlyblt14856.jpg,0,earlyblt,0.834413,0.834413,0.056920,0.108667
D:\inzynierka\Datasety_do_treningu\potato\test_images\cls\earlyblt\earlyblt14968.jpg,0,earlyblt,0.954286,0.954286,0.021525,0.024189
D:\inzynierka\Datasety_do_treningu\potato\test_images\cls\earlyblt\earlyblt15171.jpg,0,earlyblt,0.981083,0.981083,0.012968,0.005949
D:\inzynierka\Datasety_do_treningu\potato\test_images\cls\earlyblt\earlyblt1555.jpg,0,earlyblt,0.889721,0.889721,0.027396,0.082883
D:\inzynierka\Datasety_do_treningu\potato\test_images\cls\earlyblt\earlyblt1639.jpg,0,earlyblt,0.929606,0.929606,0.024060,0.046333
D:\inzynierka\Datasety_do_treningu\potato\test_images\cls\earlyblt\earlyblt1667.jpg,0,earlyblt,0.866876,0.866876,0.033193,0.099932
D:\inzynierka\Datasety_do_treningu\potato\test_images\cls\earlyblt\earlyblt1681.jpg,0,earlyblt,0.925045,0.925045,0.034367,0.040588
D:\inzynierka\Datasety_do_treningu\potato\test_images\cls\earlyblt\earlyblt16814.jpg,0,earlyblt,0.938139,0.938139,0.043945,0.017916
D:\inzynierka\Datasety_do_treningu\potato\test_images\cls\earlyblt\earlyblt16896.jpg,0,earlyblt,0.897800,0.897800,0.047358,0.054841
D:\inzynierka\Datasety_do_treningu\potato\test_images\cls\earlyblt\earlyblt16984.jpg,0,earlyblt,0.955100,0.955100,0.018355,0.026545
D:\inzynierka\Datasety_do_treningu\potato\test_images\cls\earlyblt\earlyblt17009.jpg,0,earlyblt,0.920203,0.920203,0.033338,0.046459
D:\inzynierka\Datasety_do_treningu\potato\test_images\cls\earlyblt\earlyblt17101.jpg,0,earlyblt,0.890264,0.890264,0.031840,0.077896
D:\inzynierka\Datasety_do_treningu\potato\test_images\cls\earlyblt\earlyblt17133.jpg,0,earlyblt,0.782357,0.782357,0.108396,0.109248
D:\inzynierka\Datasety_do_treningu\potato\test_images\cls\earlyblt\earlyblt17366.jpg,0,earlyblt,0.949965,0.949965,0.025926,0.024109
D:\inzynierka\Datasety_do_treningu\potato\test_images\cls\earlyblt\earlyblt17502.jpg,0,earlyblt,0.898970,0.898970,0.024992,0.076038
D:\inzynierka\Datasety_do_treningu\potato\test_images\cls\earlyblt\earlyblt17732.jpg,0,earlyblt,0.786369,0.786369,0.061610,0.152020
D:\inzynierka\Datasety_do_treningu\potato\test_images\cls\earlyblt\earlyblt17735.jpg,0,earlyblt,0.949295,0.949295,0.033832,0.016873
D:\inzynierka\Datasety_do_treningu\potato\test_images\cls\earlyblt\earlyblt20.jpg,2,lateblt,0.958314,0.023918,0.017768,0.958314
D:\inzynierka\Datasety_do_treningu\potato\test_images\cls\earlyblt\earlyblt216.jpg,2,lateblt,0.886258,0.057163,0.056579,0.886258
D:\inzynierka\Datasety_do_treningu\potato\test_images\cls\earlyblt\earlyblt320.jpg,2,lateblt,0.628122,0.303165,0.068713,0.628122
D:\inzynierka\Datasety_do_treningu\potato\test_images\cls\earlyblt\earlyblt428.jpg,2,lateblt,0.710245,0.077143,0.212613,0.710245
D:\inzynierka\Datasety_do_treningu\potato\test_images\cls\earlyblt\earlyblt467.jpg,0,earlyblt,0.790971,0.790971,0.070774,0.138255
D:\inzynierka\Datasety_do_treningu\potato\test_images\cls\earlyblt\earlyblt468.jpg,2,lateblt,0.788877,0.091510,0.119614,0.788877
D:\inzynierka\Datasety_do_treningu\potato\test_images\cls\earlyblt\earlyblt5879.jpg,0,earlyblt,0.955331,0.955331,0.023189,0.021480
D:\inzynierka\Datasety_do_treningu\potato\test_images\cls\earlyblt\earlyblt5884.jpg,0,earlyblt,0.950462,0.950462,0.021904,0.027634
D:\inzynierka\Datasety_do_treningu\potato\test_images\cls\earlyblt\earlyblt5892.jpg,0,earlyblt,0.794794,0.794794,0.060090,0.145116
D:\inzynierka\Datasety_do_treningu\potato\test_images\cls\earlyblt\earlyblt6072.jpg,0,earlyblt,0.929670,0.929670,0.027126,0.043204
D:\inzynierka\Datasety_do_treningu\potato\test_images\cls\earlyblt\earlyblt6314.jpg,0,earlyblt,0.890695,0.890695,0.044179,0.065126
D:\inzynierka\Datasety_do_treningu\potato\test_images\cls\earlyblt\earlyblt6325.jpg,0,earlyblt,0.899459,0.899459,0.028688,0.071853
D:\inzynierka\Datasety_do_treningu\potato\test_images\cls\earlyblt\earlyblt7046.jpg,0,earlyblt,0.933940,0.933940,0.026325,0.039735
D:\inzynierka\Datasety_do_treningu\potato\test_images\cls\earlyblt\earlyblt7122.jpg,2,lateblt,0.599158,0.340128,0.060714,0.599158
D:\inzynierka\Datasety_do_treningu\potato\test_images\cls\earlyblt\earlyblt7666.jpg,0,earlyblt,0.825056,0.825056,0.041415,0.133529
D:\inzynierka\Datasety_do_treningu\potato\test_images\cls\earlyblt\earlyblt7955.jpg,0,earlyblt,0.945535,0.945535,0.029220,0.025245
D:\inzynierka\Datasety_do_treningu\potato\test_images\cls\earlyblt\earlyblt81.jpg,2,lateblt,0.556299,0.370797,0.072904,0.556299
D:\inzynierka\Datasety_do_treningu\potato\test_images\cls\earlyblt\earlyblt814.jpg,2,lateblt,0.508387,0.386121,0.105491,0.508387
D:\inzynierka\Datasety_do_treningu\potato\test_images\cls\earlyblt\earlyblt8215.jpg,0,earlyblt,0.758701,0.758701,0.028527,0.212772
D:\inzynierka\Datasety_do_treningu\potato\test_images\cls\earlyblt\earlyblt8618.jpg,0,earlyblt,0.946139,0.946139,0.022805,0.031055
D:\inzynierka\Datasety_do_treningu\potato\test_images\cls\earlyblt\earlyblt8650.jpg,0,earlyblt,0.952530,0.952530,0.023006,0.024464
D:\inzynierka\Datasety_do_treningu\potato\test_images\cls\earlyblt\earlyblt8784.jpg,0,earlyblt,0.952313,0.952313,0.026660,0.021027
D:\inzynierka\Datasety_do_treningu\potato\test_images\cls\earlyblt\earlyblt8816.jpg,0,earlyblt,0.949592,0.949592,0.025563,0.024845
D:\inzynierka\Datasety_do_treningu\potato\test_images\cls\earlyblt\earlyblt8949.jpg,0,earlyblt,0.937821,0.937821,0.024677,0.037502
D:\inzynierka\Datasety_do_treningu\potato\test_images\cls\earlyblt\earlyblt8961.jpg,0,earlyblt,0.960712,0.960712,0.017856,0.021432
D:\inzynierka\Datasety_do_treningu\potato\test_images\cls\earlyblt\earlyblt8998.jpg,0,earlyblt,0.945802,0.945802,0.025609,0.028589
D:\inzynierka\Datasety_do_treningu\potato\test_images\cls\earlyblt\earlyblt9010.jpg,0,earlyblt,0.965629,0.965629,0.019607,0.014764
D:\inzynierka\Datasety_do_treningu\potato\test_images\cls\earlyblt\earlyblt9032.jpg,0,earlyblt,0.920819,0.920819,0.030006,0.049175
D:\inzynierka\Datasety_do_treningu\potato\test_images\cls\earlyblt\earlyblt9038.jpg,0,earlyblt,0.936117,0.936117,0.024245,0.039638
D:\inzynierka\Datasety_do_treningu\potato\test_images\cls\earlyblt\earlyblt9045.jpg,0,earlyblt,0.885585,0.885585,0.044818,0.069597
D:\inzynierka\Datasety_do_treningu\potato\test_images\cls\earlyblt\earlyblt9169.jpg,0,earlyblt,0.954200,0.954200,0.024149,0.021651
D:\inzynierka\Datasety_do_treningu\potato\test_images\cls\earlyblt\earlyblt9538.jpg,0,earlyblt,0.941597,0.941597,0.031229,0.027175
D:\inzynierka\Datasety_do_treningu\potato\test_images\cls\earlyblt\earlyblt9654.jpg,0,earlyblt,0.906038,0.906038,0.040545,0.053417
D:\inzynierka\Datasety_do_treningu\potato\test_images\cls\earlyblt\earlyblt97.jpg,2,lateblt,0.817466,0.107406,0.075128,0.817466
D:\inzynierka\Datasety_do_treningu\potato\test_images\cls\healthy\healthy10016.jpg,1,healthy,0.971911,0.017715,0.971911,0.010374
D:\inzynierka\Datasety_do_treningu\potato\test_images\cls\healthy\healthy10020.jpg,1,healthy,0.942639,0.024798,0.942639,0.032563
D:\inzynierka\Datasety_do_treningu\potato\test_images\cls\healthy\healthy10041.jpg,1,healthy,0.812640,0.020718,0.812640,0.166643
D:\inzynierka\Datasety_do_treningu\potato\test_images\cls\healthy\healthy10044.jpg,1,healthy,0.941379,0.031299,0.941379,0.027322
D:\inzynierka\Datasety_do_treningu\potato\test_images\cls\healthy\healthy10067.jpg,1,healthy,0.905563,0.047547,0.905563,0.046890
D:\inzynierka\Datasety_do_treningu\potato\test_images\cls\healthy\healthy1011.jpg,1,healthy,0.951295,0.018316,0.951295,0.030388
D:\inzynierka\Datasety_do_treningu\potato\test_images\cls\healthy\healthy10124.jpg,1,healthy,0.939807,0.032024,0.939807,0.028169
D:\inzynierka\Datasety_do_treningu\potato\test_images\cls\healthy\healthy10136.jpg,1,healthy,0.910594,0.037777,0.910594,0.051628
D:\inzynierka\Datasety_do_treningu\potato\test_images\cls\healthy\healthy10144.jpg,1,healthy,0.950047,0.018837,0.950047,0.031116
D:\inzynierka\Datasety_do_treningu\potato\test_images\cls\healthy\healthy10159.jpg,1,healthy,0.900356,0.036628,0.900356,0.063017
D:\inzynierka\Datasety_do_treningu\potato\test_images\cls\healthy\healthy10193.jpg,1,healthy,0.930976,0.031522,0.930976,0.037502
D:\inzynierka\Datasety_do_treningu\potato\test_images\cls\healthy\healthy1020.jpg,1,healthy,0.942534,0.021532,0.942534,0.035934
D:\inzynierka\Datasety_do_treningu\potato\test_images\cls\healthy\healthy10240.jpg,1,healthy,0.857781,0.035432,0.857781,0.106787
D:\inzynierka\Datasety_do_treningu\potato\test_images\cls\healthy\healthy10276.jpg,1,healthy,0.921381,0.034112,0.921381,0.044506
D:\inzynierka\Datasety_do_treningu\potato\test_images\cls\healthy\healthy10282.jpg,1,healthy,0.933647,0.037104,0.933647,0.029249
D:\inzynierka\Datasety_do_treningu\potato\test_images\cls\healthy\healthy10309.jpg,1,healthy,0.940100,0.023828,0.940100,0.036072
D:\inzynierka\Datasety_do_treningu\potato\test_images\cls\healthy\healthy10313.jpg,1,healthy,0.961807,0.020580,0.961807,0.017613
D:\inzynierka\Datasety_do_treningu\potato\test_images\cls\healthy\healthy10331.jpg,1,healthy,0.875441,0.034801,0.875441,0.089758
D:\inzynierka\Datasety_do_treningu\potato\test_images\cls\healthy\healthy10346.jpg,1,healthy,0.931144,0.025000,0.931144,0.043856
D:\inzynierka\Datasety_do_treningu\potato\test_images\cls\healthy\healthy10369.jpg,1,healthy,0.887028,0.041446,0.887028,0.071526
D:\inzynierka\Datasety_do_treningu\potato\test_images\cls\healthy\healthy10370.jpg,1,healthy,0.919282,0.027774,0.919282,0.052944
D:\inzynierka\Datasety_do_treningu\potato\test_images\cls\healthy\healthy10380.jpg,1,healthy,0.928503,0.031030,0.928503,0.040467
D:\inzynierka\Datasety_do_treningu\potato\test_images\cls\healthy\healthy10395.jpg,1,healthy,0.961989,0.021904,0.961989,0.016107
D:\inzynierka\Datasety_do_treningu\potato\test_images\cls\healthy\healthy10410.jpg,1,healthy,0.932188,0.033039,0.932188,0.034773
D:\inzynierka\Datasety_do_treningu\potato\test_images\cls\healthy\healthy10444.jpg,1,healthy,0.909879,0.029202,0.909879,0.060919
D:\inzynierka\Datasety_do_treningu\potato\test_images\cls\healthy\healthy10478.jpg,1,healthy,0.925990,0.041857,0.925990,0.032153
D:\inzynierka\Datasety_do_treningu\potato\test_images\cls\healthy\healthy10492.jpg,1,healthy,0.871571,0.056234,0.871571,0.072195
D:\inzynierka\Datasety_do_treningu\potato\test_images\cls\healthy\healthy10496.jpg,1,healthy,0.848142,0.037731,0.848142,0.114127
D:\inzynierka\Datasety_do_treningu\potato\test_images\cls\healthy\healthy10521.jpg,1,healthy,0.922414,0.032630,0.922414,0.044956
D:\inzynierka\Datasety_do_treningu\potato\test_images\cls\healthy\healthy10539.jpg,1,healthy,0.674528,0.072930,0.674528,0.252542
D:\inzynierka\Datasety_do_treningu\potato\test_images\cls\healthy\healthy10545.jpg,1,healthy,0.942941,0.029550,0.942941,0.027509
D:\inzynierka\Datasety_do_treningu\potato\test_images\cls\healthy\healthy10548.jpg,1,healthy,0.909085,0.030421,0.909085,0.060493
D:\inzynierka\Datasety_do_treningu\potato\test_images\cls\healthy\healthy10554.jpg,1,healthy,0.833174,0.036892,0.833174,0.129934
D:\inzynierka\Datasety_do_treningu\potato\test_images\cls\healthy\healthy10559.jpg,1,healthy,0.948267,0.023575,0.948267,0.028159
D:\inzynierka\Datasety_do_treningu\potato\test_images\cls\healthy\healthy10580.jpg,1,healthy,0.897229,0.035926,0.897229,0.066845
D:\inzynierka\Datasety_do_treningu\potato\test_images\cls\healthy\healthy1059.jpg,1,healthy,0.815897,0.065014,0.815897,0.119088
D:\inzynierka\Datasety_do_treningu\potato\test_images\cls\healthy\healthy10602.jpg,1,healthy,0.929908,0.027105,0.929908,0.042987
D:\inzynierka\Datasety_do_treningu\potato\test_images\cls\healthy\healthy10612.jpg,1,healthy,0.946401,0.025489,0.946401,0.028110
D:\inzynierka\Datasety_do_treningu\potato\test_images\cls\healthy\healthy10620.jpg,1,healthy,0.949654,0.014856,0.949654,0.035490
D:\inzynierka\Datasety_do_treningu\potato\test_images\cls\healthy\healthy10635.jpg,1,healthy,0.773849,0.030611,0.773849,0.195540
D:\inzynierka\Datasety_do_treningu\potato\test_images\cls\healthy\healthy10645.jpg,1,healthy,0.865610,0.045414,0.865610,0.088977
D:\inzynierka\Datasety_do_treningu\potato\test_images\cls\healthy\healthy10702.jpg,1,healthy,0.917673,0.030238,0.917673,0.052088
D:\inzynierka\Datasety_do_treningu\potato\test_images\cls\healthy\healthy10715.jpg,1,healthy,0.948312,0.028587,0.948312,0.023101
D:\inzynierka\Datasety_do_treningu\potato\test_images\cls\healthy\healthy10720.jpg,1,healthy,0.940776,0.026661,0.940776,0.032563
D:\inzynierka\Datasety_do_treningu\potato\test_images\cls\healthy\healthy10725.jpg,1,healthy,0.922088,0.029589,0.922088,0.048323
D:\inzynierka\Datasety_do_treningu\potato\test_images\cls\healthy\healthy1074.jpg,1,healthy,0.940938,0.035946,0.940938,0.023116
D:\inzynierka\Datasety_do_treningu\potato\test_images\cls\healthy\healthy10764.jpg,1,healthy,0.935690,0.028133,0.935690,0.036177
D:\inzynierka\Datasety_do_treningu\potato\test_images\cls\healthy\healthy10766.jpg,1,healthy,0.927610,0.031518,0.927610,0.040872
D:\inzynierka\Datasety_do_treningu\potato\test_images\cls\healthy\healthy10781.jpg,1,healthy,0.891289,0.029952,0.891289,0.078760
D:\inzynierka\Datasety_do_treningu\potato\test_images\cls\healthy\healthy1080.jpg,1,healthy,0.978710,0.013457,0.978710,0.007833
D:\inzynierka\Datasety_do_treningu\potato\test_images\cls\healthy\healthy10827.jpg,1,healthy,0.878444,0.044772,0.878444,0.076784
D:\inzynierka\Datasety_do_treningu\potato\test_images\cls\healthy\healthy10863.jpg,1,healthy,0.858722,0.039314,0.858722,0.101964
D:\inzynierka\Datasety_do_treningu\potato\test_images\cls\healthy\healthy10891.jpg,1,healthy,0.928401,0.018731,0.928401,0.052868
D:\inzynierka\Datasety_do_treningu\potato\test_images\cls\healthy\healthy10905.jpg,1,healthy,0.931826,0.028168,0.931826,0.040006
D:\inzynierka\Datasety_do_treningu\potato\test_images\cls\healthy\healthy10923.jpg,1,healthy,0.808395,0.030486,0.808395,0.161119
D:\inzynierka\Datasety_do_treningu\potato\test_images\cls\healthy\healthy10936.jpg,1,healthy,0.930695,0.032102,0.930695,0.037202
D:\inzynierka\Datasety_do_treningu\potato\test_images\cls\healthy\healthy1095.jpg,1,healthy,0.962123,0.019576,0.962123,0.018301
D:\inzynierka\Datasety_do_treningu\potato\test_images\cls\healthy\healthy10957.jpg,1,healthy,0.940160,0.032031,0.940160,0.027809
D:\inzynierka\Datasety_do_treningu\potato\test_images\cls\healthy\healthy10958.jpg,1,healthy,0.942352,0.016701,0.942352,0.040946
D:\inzynierka\Datasety_do_treningu\potato\test_images\cls\healthy\healthy10976.jpg,1,healthy,0.935399,0.036651,0.935399,0.027950
D:\inzynierka\Datasety_do_treningu\potato\test_images\cls\healthy\healthy10984.jpg,1,healthy,0.684413,0.095535,0.684413,0.220053
D:\inzynierka\Datasety_do_treningu\potato\test_images\cls\healthy\healthy10999.jpg,1,healthy,0.924397,0.048296,0.924397,0.027307
D:\inzynierka\Datasety_do_treningu\potato\test_images\cls\healthy\healthy11064.jpg,1,healthy,0.889882,0.025151,0.889882,0.084966
D:\inzynierka\Datasety_do_treningu\potato\test_images\cls\healthy\healthy11073.jpg,1,healthy,0.939816,0.019692,0.939816,0.040492
D:\inzynierka\Datasety_do_treningu\potato\test_images\cls\healthy\healthy11078.jpg,1,healthy,0.911016,0.029178,0.911016,0.059806
D:\inzynierka\Datasety_do_treningu\potato\test_images\cls\healthy\healthy11086.jpg,1,healthy,0.923352,0.031641,0.923352,0.045008
D:\inzynierka\Datasety_do_treningu\potato\test_images\cls\healthy\healthy11111.jpg,1,healthy,0.948433,0.028639,0.948433,0.022928
D:\inzynierka\Datasety_do_treningu\potato\test_images\cls\healthy\healthy11116.jpg,1,healthy,0.691300,0.059446,0.691300,0.249254
D:\inzynierka\Datasety_do_treningu\potato\test_images\cls\healthy\healthy11128.jpg,1,healthy,0.729858,0.053489,0.729858,0.216653
D:\inzynierka\Datasety_do_treningu\potato\test_images\cls\healthy\healthy11134.jpg,1,healthy,0.772556,0.071691,0.772556,0.155753
D:\inzynierka\Datasety_do_treningu\potato\test_images\cls\healthy\healthy11136.jpg,1,healthy,0.946749,0.013120,0.946749,0.040131
D:\inzynierka\Datasety_do_treningu\potato\test_images\cls\healthy\healthy11148.jpg,1,healthy,0.938506,0.015511,0.938506,0.045983
D:\inzynierka\Datasety_do_treningu\potato\test_images\cls\healthy\healthy11164.jpg,1,healthy,0.498314,0.121583,0.498314,0.380103
D:\inzynierka\Datasety_do_treningu\potato\test_images\cls\healthy\healthy11172.jpg,1,healthy,0.942056,0.027087,0.942056,0.030857
D:\inzynierka\Datasety_do_treningu\potato\test_images\cls\healthy\healthy11183.jpg,1,healthy,0.920768,0.033651,0.920768,0.045581
D:\inzynierka\Datasety_do_treningu\potato\test_images\cls\healthy\healthy1120.jpg,1,healthy,0.778583,0.080007,0.778583,0.141410
D:\inzynierka\Datasety_do_treningu\potato\test_images\cls\healthy\healthy11205.jpg,1,healthy,0.921933,0.016730,0.921933,0.061337
D:\inzynierka\Datasety_do_treningu\potato\test_images\cls\healthy\healthy11216.jpg,1,healthy,0.959601,0.016536,0.959601,0.023863
D:\inzynierka\Datasety_do_treningu\potato\test_images\cls\healthy\healthy11233.jpg,1,healthy,0.876300,0.040347,0.876300,0.083353
D:\inzynierka\Datasety_do_treningu\potato\test_images\cls\healthy\healthy11251.jpg,1,healthy,0.899888,0.033824,0.899888,0.066288
D:\inzynierka\Datasety_do_treningu\potato\test_images\cls\healthy\healthy11273.jpg,1,healthy,0.943774,0.026185,0.943774,0.030040
D:\inzynierka\Datasety_do_treningu\potato\test_images\cls\healthy\healthy11297.jpg,1,healthy,0.720614,0.066128,0.720614,0.213257
D:\inzynierka\Datasety_do_treningu\potato\test_images\cls\healthy\healthy11310.jpg,1,healthy,0.927442,0.022180,0.927442,0.050378
D:\inzynierka\Datasety_do_treningu\potato\test_images\cls\healthy\healthy1135.jpg,1,healthy,0.955951,0.026873,0.955951,0.017176
D:\inzynierka\Datasety_do_treningu\potato\test_images\cls\healthy\healthy11368.jpg,1,healthy,0.877579,0.037285,0.877579,0.085136
D:\inzynierka\Datasety_do_treningu\potato\test_images\cls\healthy\healthy11396.jpg,1,healthy,0.743447,0.072793,0.743447,0.183760
D:\inzynierka\Datasety_do_treningu\potato\test_images\cls\healthy\healthy11397.jpg,1,healthy,0.968261,0.012932,0.968261,0.018807
D:\inzynierka\Datasety_do_treningu\potato\test_images\cls\healthy\healthy11408.jpg,1,healthy,0.948522,0.025089,0.948522,0.026389
D:\inzynierka\Datasety_do_treningu\potato\test_images\cls\healthy\healthy11425.jpg,1,healthy,0.730402,0.042148,0.730402,0.227450
D:\inzynierka\Datasety_do_treningu\potato\test_images\cls\healthy\healthy11438.jpg,1,healthy,0.932115,0.023628,0.932115,0.044257
D:\inzynierka\Datasety_do_treningu\potato\test_images\cls\healthy\healthy11508.jpg,1,healthy,0.947434,0.025075,0.947434,0.027491
D:\inzynierka\Datasety_do_treningu\potato\test_images\cls\healthy\healthy11511.jpg,1,healthy,0.645145,0.058136,0.645145,0.296719
D:\inzynierka\Datasety_do_treningu\potato\test_images\cls\healthy\healthy11515.jpg,1,healthy,0.924183,0.033681,0.924183,0.042136
D:\inzynierka\Datasety_do_treningu\potato\test_images\cls\healthy\healthy11529.jpg,1,healthy,0.945947,0.023697,0.945947,0.030356
D:\inzynierka\Datasety_do_treningu\potato\test_images\cls\healthy\healthy11552.jpg,2,lateblt,0.510208,0.045522,0.444270,0.510208
D:\inzynierka\Datasety_do_treningu\potato\test_images\cls\healthy\healthy11559.jpg,1,healthy,0.917293,0.032260,0.917293,0.050447
D:\inzynierka\Datasety_do_treningu\potato\test_images\cls\healthy\healthy11627.jpg,1,healthy,0.811371,0.056628,0.811371,0.132001
D:\inzynierka\Datasety_do_treningu\potato\test_images\cls\healthy\healthy11651.jpg,1,healthy,0.937419,0.037533,0.937419,0.025048
D:\inzynierka\Datasety_do_treningu\potato\test_images\cls\healthy\healthy11690.jpg,1,healthy,0.931229,0.034110,0.931229,0.034661
D:\inzynierka\Datasety_do_treningu\potato\test_images\cls\healthy\healthy1170.jpg,1,healthy,0.963588,0.020711,0.963588,0.015702
D:\inzynierka\Datasety_do_treningu\potato\test_images\cls\healthy\healthy11715.jpg,1,healthy,0.923107,0.030092,0.923107,0.046801
D:\inzynierka\Datasety_do_treningu\potato\test_images\cls\healthy\healthy11731.jpg,1,healthy,0.944184,0.021530,0.944184,0.034286
D:\inzynierka\Datasety_do_treningu\potato\test_images\cls\healthy\healthy11734.jpg,1,healthy,0.949183,0.024101,0.949183,0.026716
D:\inzynierka\Datasety_do_treningu\potato\test_images\cls\healthy\healthy11746.jpg,1,healthy,0.914103,0.029223,0.914103,0.056675
D:\inzynierka\Datasety_do_treningu\potato\test_images\cls\healthy\healthy1178.jpg,1,healthy,0.913725,0.050400,0.913725,0.035875
D:\inzynierka\Datasety_do_treningu\potato\test_images\cls\healthy\healthy1182.jpg,1,healthy,0.915114,0.029293,0.915114,0.055593
D:\inzynierka\Datasety_do_treningu\potato\test_images\cls\healthy\healthy11850.jpg,1,healthy,0.932472,0.026219,0.932472,0.041309
D:\inzynierka\Datasety_do_treningu\potato\test_images\cls\healthy\healthy11898.jpg,1,healthy,0.885329,0.040059,0.885329,0.074612
D:\inzynierka\Datasety_do_treningu\potato\test_images\cls\healthy\healthy11924.jpg,1,healthy,0.962407,0.012105,0.962407,0.025487
D:\inzynierka\Datasety_do_treningu\potato\test_images\cls\healthy\healthy11951.jpg,1,healthy,0.956524,0.024721,0.956524,0.018755
D:\inzynierka\Datasety_do_treningu\potato\test_images\cls\healthy\healthy11957.jpg,1,healthy,0.892594,0.045468,0.892594,0.061938
D:\inzynierka\Datasety_do_treningu\potato\test_images\cls\healthy\healthy11989.jpg,1,healthy,0.937554,0.021219,0.937554,0.041228
D:\inzynierka\Datasety_do_treningu\potato\test_images\cls\healthy\healthy11995.jpg,1,healthy,0.834099,0.053905,0.834099,0.111995
D:\inzynierka\Datasety_do_treningu\potato\test_images\cls\healthy\healthy120.jpg,1,healthy,0.894717,0.049342,0.894717,0.055941
D:\inzynierka\Datasety_do_treningu\potato\test_images\cls\healthy\healthy12041.jpg,1,healthy,0.903817,0.034376,0.903817,0.061807
D:\inzynierka\Datasety_do_treningu\potato\test_images\cls\healthy\healthy12043.jpg,1,healthy,0.743251,0.097523,0.743251,0.159226
D:\inzynierka\Datasety_do_treningu\potato\test_images\cls\healthy\healthy12052.jpg,1,healthy,0.934775,0.036267,0.934775,0.028958
D:\inzynierka\Datasety_do_treningu\potato\test_images\cls\healthy\healthy12075.jpg,1,healthy,0.969274,0.010679,0.969274,0.020047
D:\inzynierka\Datasety_do_treningu\potato\test_images\cls\healthy\healthy12081.jpg,1,healthy,0.929222,0.028866,0.929222,0.041912
D:\inzynierka\Datasety_do_treningu\potato\test_images\cls\healthy\healthy12133.jpg,1,healthy,0.917929,0.026353,0.917929,0.055717
D:\inzynierka\Datasety_do_treningu\potato\test_images\cls\healthy\healthy12134.jpg,1,healthy,0.941814,0.020177,0.941814,0.038008
D:\inzynierka\Datasety_do_treningu\potato\test_images\cls\healthy\healthy12158.jpg,1,healthy,0.922886,0.045140,0.922886,0.031975
D:\inzynierka\Datasety_do_treningu\potato\test_images\cls\healthy\healthy12187.jpg,1,healthy,0.943991,0.038418,0.943991,0.017591
D:\inzynierka\Datasety_do_treningu\potato\test_images\cls\healthy\healthy12224.jpg,1,healthy,0.949107,0.025469,0.949107,0.025424
D:\inzynierka\Datasety_do_treningu\potato\test_images\cls\healthy\healthy12236.jpg,1,healthy,0.839988,0.055530,0.839988,0.104481
D:\inzynierka\Datasety_do_treningu\potato\test_images\cls\healthy\healthy12329.jpg,1,healthy,0.928185,0.026667,0.928185,0.045147
D:\inzynierka\Datasety_do_treningu\potato\test_images\cls\healthy\healthy12345.jpg,1,healthy,0.753937,0.034394,0.753937,0.211669
D:\inzynierka\Datasety_do_treningu\potato\test_images\cls\healthy\healthy12351.jpg,1,healthy,0.913291,0.042788,0.913291,0.043921
D:\inzynierka\Datasety_do_treningu\potato\test_images\cls\healthy\healthy12373.jpg,1,healthy,0.874590,0.043304,0.874590,0.082106
D:\inzynierka\Datasety_do_treningu\potato\test_images\cls\healthy\healthy12480.jpg,1,healthy,0.802514,0.036148,0.802514,0.161337
D:\inzynierka\Datasety_do_treningu\potato\test_images\cls\healthy\healthy12493.jpg,1,healthy,0.471868,0.068381,0.471868,0.459751
D:\inzynierka\Datasety_do_treningu\potato\test_images\cls\healthy\healthy12511.jpg,1,healthy,0.938942,0.024434,0.938942,0.036625
D:\inzynierka\Datasety_do_treningu\potato\test_images\cls\healthy\healthy12551.jpg,1,healthy,0.927168,0.026638,0.927168,0.046195
D:\inzynierka\Datasety_do_treningu\potato\test_images\cls\healthy\healthy1256.jpg,1,healthy,0.652353,0.103855,0.652353,0.243792
D:\inzynierka\Datasety_do_treningu\potato\test_images\cls\healthy\healthy12571.jpg,1,healthy,0.926973,0.040497,0.926973,0.032529
D:\inzynierka\Datasety_do_treningu\potato\test_images\cls\healthy\healthy12588.jpg,1,healthy,0.838310,0.055194,0.838310,0.106496
D:\inzynierka\Datasety_do_treningu\potato\test_images\cls\healthy\healthy12649.jpg,1,healthy,0.917928,0.032193,0.917928,0.049879
D:\inzynierka\Datasety_do_treningu\potato\test_images\cls\healthy\healthy1268.jpg,1,healthy,0.938828,0.026543,0.938828,0.034629
D:\inzynierka\Datasety_do_treningu\potato\test_images\cls\healthy\healthy1271.jpg,1,healthy,0.650921,0.075806,0.650921,0.273273
D:\inzynierka\Datasety_do_treningu\potato\test_images\cls\healthy\healthy12766.jpg,1,healthy,0.723426,0.029263,0.723426,0.247312
D:\inzynierka\Datasety_do_treningu\potato\test_images\cls\healthy\healthy12768.jpg,1,healthy,0.860715,0.044117,0.860715,0.095168
D:\inzynierka\Datasety_do_treningu\potato\test_images\cls\healthy\healthy12820.jpg,1,healthy,0.827921,0.032360,0.827921,0.139719
D:\inzynierka\Datasety_do_treningu\potato\test_images\cls\healthy\healthy12829.jpg,2,lateblt,0.461107,0.097319,0.441575,0.461107
D:\inzynierka\Datasety_do_treningu\potato\test_images\cls\healthy\healthy12847.jpg,1,healthy,0.930574,0.030004,0.930574,0.039421
D:\inzynierka\Datasety_do_treningu\potato\test_images\cls\healthy\healthy12909.jpg,1,healthy,0.938854,0.028940,0.938854,0.032206
D:\inzynierka\Datasety_do_treningu\potato\test_images\cls\healthy\healthy1291.jpg,1,healthy,0.927920,0.025552,0.927920,0.046528
D:\inzynierka\Datasety_do_treningu\potato\test_images\cls\healthy\healthy12915.jpg,1,healthy,0.961205,0.016521,0.961205,0.022274
D:\inzynierka\Datasety_do_treningu\potato\test_images\cls\healthy\healthy12917.jpg,1,healthy,0.936087,0.020717,0.936087,0.043196
D:\inzynierka\Datasety_do_treningu\potato\test_images\cls\healthy\healthy12962.jpg,1,healthy,0.948486,0.029911,0.948486,0.021603
D:\inzynierka\Datasety_do_treningu\potato\test_images\cls\healthy\healthy12990.jpg,1,healthy,0.877253,0.058044,0.877253,0.064702
D:\inzynierka\Datasety_do_treningu\potato\test_images\cls\healthy\healthy13030.jpg,1,healthy,0.909736,0.037790,0.909736,0.052475
D:\inzynierka\Datasety_do_treningu\potato\test_images\cls\healthy\healthy13065.jpg,1,healthy,0.799357,0.020816,0.799357,0.179827
D:\inzynierka\Datasety_do_treningu\potato\test_images\cls\healthy\healthy13098.jpg,1,healthy,0.920087,0.025965,0.920087,0.053948
D:\inzynierka\Datasety_do_treningu\potato\test_images\cls\healthy\healthy13106.jpg,1,healthy,0.951098,0.021499,0.951098,0.027403
D:\inzynierka\Datasety_do_treningu\potato\test_images\cls\healthy\healthy13143.jpg,1,healthy,0.957106,0.014239,0.957106,0.028655
D:\inzynierka\Datasety_do_treningu\potato\test_images\cls\healthy\healthy13145.jpg,1,healthy,0.803629,0.041118,0.803629,0.155253
D:\inzynierka\Datasety_do_treningu\potato\test_images\cls\healthy\healthy13148.jpg,1,healthy,0.840937,0.029122,0.840937,0.129941
D:\inzynierka\Datasety_do_treningu\potato\test_images\cls\healthy\healthy13186.jpg,1,healthy,0.899292,0.018228,0.899292,0.082479
D:\inzynierka\Datasety_do_treningu\potato\test_images\cls\healthy\healthy13221.jpg,1,healthy,0.948185,0.025122,0.948185,0.026693
D:\inzynierka\Datasety_do_treningu\potato\test_images\cls\healthy\healthy13224.jpg,1,healthy,0.776770,0.037047,0.776770,0.186182
D:\inzynierka\Datasety_do_treningu\potato\test_images\cls\healthy\healthy13231.jpg,1,healthy,0.813369,0.031902,0.813369,0.154729
D:\inzynierka\Datasety_do_treningu\potato\test_images\cls\healthy\healthy13236.jpg,1,healthy,0.901051,0.020057,0.901051,0.078891
D:\inzynierka\Datasety_do_treningu\potato\test_images\cls\healthy\healthy13238.jpg,1,healthy,0.936099,0.016596,0.936099,0.047306
D:\inzynierka\Datasety_do_treningu\potato\test_images\cls\healthy\healthy13259.jpg,1,healthy,0.893914,0.032227,0.893914,0.073859
D:\inzynierka\Datasety_do_treningu\potato\test_images\cls\healthy\healthy13285.jpg,1,healthy,0.924946,0.026447,0.924946,0.048607
D:\inzynierka\Datasety_do_treningu\potato\test_images\cls\healthy\healthy13287.jpg,1,healthy,0.942755,0.022328,0.942755,0.034917
D:\inzynierka\Datasety_do_treningu\potato\test_images\cls\healthy\healthy13336.jpg,1,healthy,0.895752,0.042709,0.895752,0.061539
D:\inzynierka\Datasety_do_treningu\potato\test_images\cls\healthy\healthy13361.jpg,1,healthy,0.943972,0.022445,0.943972,0.033584
D:\inzynierka\Datasety_do_treningu\potato\test_images\cls\healthy\healthy13397.jpg,1,healthy,0.937558,0.040370,0.937558,0.022073
D:\inzynierka\Datasety_do_treningu\potato\test_images\cls\healthy\healthy13421.jpg,1,healthy,0.861045,0.041768,0.861045,0.097186
D:\inzynierka\Datasety_do_treningu\potato\test_images\cls\healthy\healthy1343.jpg,1,healthy,0.879470,0.019450,0.879470,0.101080
D:\inzynierka\Datasety_do_treningu\potato\test_images\cls\healthy\healthy13515.jpg,1,healthy,0.866726,0.050422,0.866726,0.082853
D:\inzynierka\Datasety_do_treningu\potato\test_images\cls\healthy\healthy13540.jpg,1,healthy,0.956889,0.019409,0.956889,0.023702
D:\inzynierka\Datasety_do_treningu\potato\test_images\cls\healthy\healthy13548.jpg,1,healthy,0.865085,0.029728,0.865085,0.105188
D:\inzynierka\Datasety_do_treningu\potato\test_images\cls\healthy\healthy13553.jpg,1,healthy,0.859151,0.047415,0.859151,0.093434
D:\inzynierka\Datasety_do_treningu\potato\test_images\cls\healthy\healthy13585.jpg,1,healthy,0.948217,0.025627,0.948217,0.026156
D:\inzynierka\Datasety_do_treningu\potato\test_images\cls\healthy\healthy13589.jpg,1,healthy,0.930391,0.030524,0.930391,0.039085
D:\inzynierka\Datasety_do_treningu\potato\test_images\cls\healthy\healthy13591.jpg,1,healthy,0.891788,0.061962,0.891788,0.046250
D:\inzynierka\Datasety_do_treningu\potato\test_images\cls\healthy\healthy13592.jpg,1,healthy,0.950458,0.031002,0.950458,0.018539
D:\inzynierka\Datasety_do_treningu\potato\test_images\cls\healthy\healthy13625.jpg,1,healthy,0.928517,0.034282,0.928517,0.037200
D:\inzynierka\Datasety_do_treningu\potato\test_images\cls\healthy\healthy13677.jpg,1,healthy,0.806301,0.047724,0.806301,0.145974
D:\inzynierka\Datasety_do_treningu\potato\test_images\cls\healthy\healthy13681.jpg,1,healthy,0.730054,0.035682,0.730054,0.234264
D:\inzynierka\Datasety_do_treningu\potato\test_images\cls\healthy\healthy13715.jpg,1,healthy,0.958232,0.020318,0.958232,0.021450
D:\inzynierka\Datasety_do_treningu\potato\test_images\cls\healthy\healthy13720.jpg,1,healthy,0.934953,0.029240,0.934953,0.035807
D:\inzynierka\Datasety_do_treningu\potato\test_images\cls\healthy\healthy13723.jpg,1,healthy,0.954927,0.015625,0.954927,0.029448
D:\inzynierka\Datasety_do_treningu\potato\test_images\cls\healthy\healthy13735.jpg,1,healthy,0.909809,0.033001,0.909809,0.057190
D:\inzynierka\Datasety_do_treningu\potato\test_images\cls\healthy\healthy13743.jpg,1,healthy,0.959692,0.015268,0.959692,0.025039
D:\inzynierka\Datasety_do_treningu\potato\test_images\cls\healthy\healthy1378.jpg,1,healthy,0.939036,0.027209,0.939036,0.033755
D:\inzynierka\Datasety_do_treningu\potato\test_images\cls\healthy\healthy1379.jpg,1,healthy,0.968083,0.011364,0.968083,0.020553
D:\inzynierka\Datasety_do_treningu\potato\test_images\cls\healthy\healthy13791.jpg,1,healthy,0.933427,0.025310,0.933427,0.041263
D:\inzynierka\Datasety_do_treningu\potato\test_images\cls\healthy\healthy13794.jpg,1,healthy,0.902264,0.029251,0.902264,0.068485
D:\inzynierka\Datasety_do_treningu\potato\test_images\cls\healthy\healthy13851.jpg,1,healthy,0.834649,0.068170,0.834649,0.097180
D:\inzynierka\Datasety_do_treningu\potato\test_images\cls\healthy\healthy13863.jpg,1,healthy,0.962843,0.017377,0.962843,0.019780
D:\inzynierka\Datasety_do_treningu\potato\test_images\cls\healthy\healthy13896.jpg,1,healthy,0.938011,0.031786,0.938011,0.030203
D:\inzynierka\Datasety_do_treningu\potato\test_images\cls\healthy\healthy13907.jpg,1,healthy,0.965982,0.017247,0.965982,0.016771
D:\inzynierka\Datasety_do_treningu\potato\test_images\cls\healthy\healthy13914.jpg,1,healthy,0.913886,0.030950,0.913886,0.055164
D:\inzynierka\Datasety_do_treningu\potato\test_images\cls\healthy\healthy13924.jpg,1,healthy,0.873429,0.051980,0.873429,0.074591
D:\inzynierka\Datasety_do_treningu\potato\test_images\cls\healthy\healthy13942.jpg,1,healthy,0.896908,0.033027,0.896908,0.070065
D:\inzynierka\Datasety_do_treningu\potato\test_images\cls\healthy\healthy13971.jpg,1,healthy,0.922614,0.036359,0.922614,0.041028
D:\inzynierka\Datasety_do_treningu\potato\test_images\cls\healthy\healthy13996.jpg,1,healthy,0.947926,0.024516,0.947926,0.027558
D:\inzynierka\Datasety_do_treningu\potato\test_images\cls\healthy\healthy14002.jpg,1,healthy,0.951749,0.014603,0.951749,0.033648
D:\inzynierka\Datasety_do_treningu\potato\test_images\cls\healthy\healthy14014.jpg,1,healthy,0.959872,0.015848,0.959872,0.024280
D:\inzynierka\Datasety_do_treningu\potato\test_images\cls\healthy\healthy14015.jpg,1,healthy,0.923882,0.024895,0.923882,0.051223
D:\inzynierka\Datasety_do_treningu\potato\test_images\cls\healthy\healthy14019.jpg,1,healthy,0.954790,0.022670,0.954790,0.022540
D:\inzynierka\Datasety_do_treningu\potato\test_images\cls\healthy\healthy14026.jpg,1,healthy,0.966792,0.016182,0.966792,0.017026
D:\inzynierka\Datasety_do_treningu\potato\test_images\cls\healthy\healthy14066.jpg,1,healthy,0.885580,0.044609,0.885580,0.069811
D:\inzynierka\Datasety_do_treningu\potato\test_images\cls\healthy\healthy14098.jpg,1,healthy,0.825168,0.052745,0.825168,0.122087
D:\inzynierka\Datasety_do_treningu\potato\test_images\cls\healthy\healthy14100.jpg,1,healthy,0.908001,0.034095,0.908001,0.057904
D:\inzynierka\Datasety_do_treningu\potato\test_images\cls\healthy\healthy14111.jpg,1,healthy,0.903942,0.059834,0.903942,0.036225
D:\inzynierka\Datasety_do_treningu\potato\test_images\cls\healthy\healthy14127.jpg,1,healthy,0.888754,0.071575,0.888754,0.039671
D:\inzynierka\Datasety_do_treningu\potato\test_images\cls\healthy\healthy14140.jpg,1,healthy,0.868866,0.028620,0.868866,0.102514
D:\inzynierka\Datasety_do_treningu\potato\test_images\cls\healthy\healthy14144.jpg,1,healthy,0.564451,0.099124,0.564451,0.336425
D:\inzynierka\Datasety_do_treningu\potato\test_images\cls\healthy\healthy14164.jpg,1,healthy,0.902016,0.024645,0.902016,0.073339
D:\inzynierka\Datasety_do_treningu\potato\test_images\cls\healthy\healthy14191.jpg,1,healthy,0.928182,0.030863,0.928182,0.040955
D:\inzynierka\Datasety_do_treningu\potato\test_images\cls\healthy\healthy14204.jpg,1,healthy,0.933569,0.040036,0.933569,0.026395
D:\inzynierka\Datasety_do_treningu\potato\test_images\cls\healthy\healthy14224.jpg,1,healthy,0.914744,0.040231,0.914744,0.045026
D:\inzynierka\Datasety_do_treningu\potato\test_images\cls\healthy\healthy14231.jpg,1,healthy,0.907304,0.048143,0.907304,0.044553
D:\inzynierka\Datasety_do_treningu\potato\test_images\cls\healthy\healthy14234.jpg,1,healthy,0.887517,0.049645,0.887517,0.062838
D:\inzynierka\Datasety_do_treningu\potato\test_images\cls\healthy\healthy14238.jpg,1,healthy,0.950102,0.020962,0.950102,0.028936
D:\inzynierka\Datasety_do_treningu\potato\test_images\cls\healthy\healthy14243.jpg,1,healthy,0.925574,0.034745,0.925574,0.039681
D:\inzynierka\Datasety_do_treningu\potato\test_images\cls\healthy\healthy14272.jpg,1,healthy,0.913901,0.040836,0.913901,0.045263
