path,pred,pred_name,conf,p_Healthy,p_LeafBlight,p_Rust,p_PowderyMildew,p_FusariumFootRot,p_WheatBlast,p_BlackPoint
D:\inzynierka\Datasety_do_treningu\wheat\test_images\cls\BlackPoint\BlackPoint_10.jpg,6,BlackPoint,0.487960,0.166850,0.057405,0.081021,0.093987,0.050249,0.062528,0.487960
D:\inzynierka\Datasety_do_treningu\wheat\test_images\cls\BlackPoint\BlackPoint_132.jpg,6,BlackPoint,0.722353,0.078563,0.031323,0.033535,0.023761,0.021226,0.089239,0.722353
D:\inzynierka\Datasety_do_treningu\wheat\test_images\cls\BlackPoint\BlackPoint_133.jpg,6,BlackPoint,0.709628,0.088152,0.035151,0.037114,0.023477,0.020553,0.085926,0.709628
D:\inzynierka\Datasety_do_treningu\wheat\test_images\cls\BlackPoint\BlackPoint_142.jpg,6,BlackPoint,0.379210,0.132406,0.062221,0.062282,0.059830,0.047869,0.256183,0.379210
D:\inzynierka\Datasety_do_treningu\wheat\test_images\cls\BlackPoint\BlackPoint_164.jpg,6,BlackPoint,0.550471,0.067715,0.038646,0.061945,0.038587,0.145144,0.097492,0.550471
D:\inzynierka\Datasety_do_treningu\wheat\test_images\cls\BlackPoint\BlackPoint_195.jpg,6,BlackPoint,0.602504,0.101070,0.047670,0.034967,0.074612,0.039436,0.099740,0.602504
D:\inzynierka\Datasety_do_treningu\wheat\test_images\cls\BlackPoint\BlackPoint_207.jpg,6,BlackPoint,0.602995,0.176446,0.053693,0.052573,0.025903,0.038823,0.049567,0.602995
D:\inzynierka\Datasety_do_treningu\wheat\test_images\cls\BlackPoint\BlackPoint_26.jpg,6,BlackPoint,0.571725,0.181526,0.038771,0.074863,0.041099,0.040010,0.052007,0.571725
D:\inzynierka\Datasety_do_treningu\wheat\test_images\cls\BlackPoint\BlackPoint_27.jpg,6,BlackPoint,0.628901,0.117694,0.050374,0.059987,0.063018,0.027217,0.052809,0.628901
D:\inzynierka\Datasety_do_treningu\wheat\test_images\cls\BlackPoint\BlackPoint_302.jpg,6,BlackPoint,0.631710,0.065101,0.106105,0.053065,0.051930,0.042292,0.049797,0.631710
D:\inzynierka\Datasety_do_treningu\wheat\test_images\cls\BlackPoint\BlackPoint_46.jpg,6,BlackPoint,0.460481,0.219678,0.049245,0.072405,0.056345,0.037887,0.103959,0.460481
D:\inzynierka\Datasety_do_treningu\wheat\test_images\cls\BlackPoint\BlackPoint_53.jpg,6,BlackPoint,0.587480,0.069735,0.054397,0.032188,0.050027,0.108646,0.097525,0.587480
D:\inzynierka\Datasety_do_treningu\wheat\test_images\cls\BlackPoint\BlackPoint_61.jpg,6,BlackPoint,0.493734,0.074305,0.047929,0.037226,0.041261,0.055768,0.249776,0.493734
D:\inzynierka\Datasety_do_treningu\wheat\test_images\cls\BlackPoint\BlackPoint_73.jpg,6,BlackPoint,0.601138,0.088754,0.088751,0.067022,0.054504,0.063188,0.036644,0.601138
D:\inzynierka\Datasety_do_treningu\wheat\test_images\cls\FusariumFootRot\FusariumFootRot_10.jpg,4,FusariumFootRot,0.934703,0.008625,0.008890,0.011888,0.012472,0.934703,0.012289,0.011134
D:\inzynierka\Datasety_do_treningu\wheat\test_images\cls\FusariumFootRot\FusariumFootRot_138.jpg,4,FusariumFootRot,0.795329,0.045628,0.045136,0.040531,0.017172,0.795329,0.031181,0.025024
D:\inzynierka\Datasety_do_treningu\wheat\test_images\cls\FusariumFootRot\FusariumFootRot_143.jpg,4,FusariumFootRot,0.748104,0.042622,0.056797,0.058368,0.043864,0.748104,0.028555,0.021690
D:\inzynierka\Datasety_do_treningu\wheat\test_images\cls\FusariumFootRot\FusariumFootRot_165.jpg,4,FusariumFootRot,0.664101,0.044634,0.065352,0.084395,0.073657,0.664101,0.047222,0.020640
D:\inzynierka\Datasety_do_treningu\wheat\test_images\cls\FusariumFootRot\FusariumFootRot_174.jpg,4,FusariumFootRot,0.590340,0.040433,0.174363,0.081653,0.040983,0.590340,0.039340,0.032889
D:\inzynierka\Datasety_do_treningu\wheat\test_images\cls\FusariumFootRot\FusariumFootRot_175.jpg,4,FusariumFootRot,0.687858,0.047721,0.104707,0.056599,0.033836,0.687858,0.040918,0.028362
D:\inzynierka\Datasety_do_treningu\wheat\test_images\cls\FusariumFootRot\FusariumFootRot_183.jpg,4,FusariumFootRot,0.650745,0.040458,0.044932,0.129437,0.053872,0.650745,0.049051,0.031505
D:\inzynierka\Datasety_do_treningu\wheat\test_images\cls\FusariumFootRot\FusariumFootRot_195.jpg,4,FusariumFootRot,0.799955,0.041179,0.061019,0.026052,0.022368,0.799955,0.028761,0.020666
D:\inzynierka\Datasety_do_treningu\wheat\test_images\cls\FusariumFootRot\FusariumFootRot_205.jpg,4,FusariumFootRot,0.607772,0.062960,0.105113,0.100699,0.036877,0.607772,0.055402,0.031176
D:\inzynierka\Datasety_do_treningu\wheat\test_images\cls\FusariumFootRot\FusariumFootRot_227.jpg,4,FusariumFootRot,0.799996,0.023199,0.043352,0.049091,0.024097,0.799996,0.034215,0.026050
D:\inzynierka\Datasety_do_treningu\wheat\test_images\cls\FusariumFootRot\FusariumFootRot_228.jpg,4,FusariumFootRot,0.808578,0.021513,0.044039,0.050032,0.023444,0.808578,0.031935,0.020458
D:\inzynierka\Datasety_do_treningu\wheat\test_images\cls\FusariumFootRot\FusariumFootRot_239.jpg,4,FusariumFootRot,0.824044,0.043959,0.025078,0.029981,0.024983,0.824044,0.028835,0.023121
D:\inzynierka\Datasety_do_treningu\wheat\test_images\cls\FusariumFootRot\FusariumFootRot_3.jpg,4,FusariumFootRot,0.791849,0.066523,0.033462,0.020922,0.026734,0.791849,0.043492,0.017018
D:\inzynierka\Datasety_do_treningu\wheat\test_images\cls\FusariumFootRot\FusariumFootRot_32.jpg,4,FusariumFootRot,0.877255,0.018802,0.022967,0.011831,0.024833,0.877255,0.023930,0.020383
D:\inzynierka\Datasety_do_treningu\wheat\test_images\cls\FusariumFootRot\FusariumFootRot_33.jpg,4,FusariumFootRot,0.860860,0.014631,0.026442,0.017574,0.035006,0.860860,0.027499,0.017988
D:\inzynierka\Datasety_do_treningu\wheat\test_images\cls\FusariumFootRot\FusariumFootRot_38.jpg,4,FusariumFootRot,0.923757,0.009409,0.011822,0.012100,0.020934,0.923757,0.013953,0.008025
D:\inzynierka\Datasety_do_treningu\wheat\test_images\cls\FusariumFootRot\FusariumFootRot_4.jpg,4,FusariumFootRot,0.657437,0.030656,0.100086,0.079438,0.037708,0.657437,0.044966,0.049708
D:\inzynierka\Datasety_do_treningu\wheat\test_images\cls\FusariumFootRot\FusariumFootRot_55.jpg,4,FusariumFootRot,0.753981,0.044517,0.037221,0.041739,0.041058,0.753981,0.052326,0.029159
D:\inzynierka\Datasety_do_treningu\wheat\test_images\cls\FusariumFootRot\FusariumFootRot_58.jpg,4,FusariumFootRot,0.704757,0.063540,0.082737,0.045322,0.038833,0.704757,0.029113,0.035698
D:\inzynierka\Datasety_do_treningu\wheat\test_images\cls\FusariumFootRot\FusariumFootRot_71.jpg,4,FusariumFootRot,0.715176,0.037317,0.101910,0.036413,0.039996,0.715176,0.034500,0.034688
D:\inzynierka\Datasety_do_treningu\wheat\test_images\cls\FusariumFootRot\FusariumFootRot_78.jpg,4,FusariumFootRot,0.802864,0.045116,0.043222,0.020736,0.038118,0.802864,0.020995,0.028949
D:\inzynierka\Datasety_do_treningu\wheat\test_images\cls\FusariumFootRot\FusariumFootRot_90.jpg,4,FusariumFootRot,0.750569,0.022013,0.076582,0.059224,0.032936,0.750569,0.029078,0.029597
D:\inzynierka\Datasety_do_treningu\wheat\test_images\cls\FusariumFootRot\FusariumFootRot_91.jpg,4,FusariumFootRot,0.864826,0.016746,0.046480,0.016599,0.016082,0.864826,0.019176,0.020091
D:\inzynierka\Datasety_do_treningu\wheat\test_images\cls\FusariumFootRot\FusariumFootRot_93.jpg,4,FusariumFootRot,0.754362,0.034030,0.087865,0.034157,0.029139,0.754362,0.036061,0.024386
D:\inzynierka\Datasety_do_treningu\wheat\test_images\cls\FusariumFootRot\FusariumFootRot_96.jpg,4,FusariumFootRot,0.790367,0.022078,0.042404,0.044590,0.034290,0.790367,0.032591,0.033680
D:\inzynierka\Datasety_do_treningu\wheat\test_images\cls\Healthy\30e0f0fcf8908004.jpg,0,Healthy,0.477566,0.477566,0.065201,0.335146,0.045802,0.019269,0.036031,0.020986
D:\inzynierka\Datasety_do_treningu\wheat\test_images\cls\Healthy\6b88c1c180b207dd.jpg,2,Rust,0.486164,0.394772,0.032266,0.486164,0.033375,0.012775,0.027850,0.012798
D:\inzynierka\Datasety_do_treningu\wheat\test_images\cls\Healthy\8ecffbd397274d0c.jpg,0,Healthy,0.714813,0.714813,0.029588,0.045541,0.082282,0.035906,0.062515,0.029355
D:\inzynierka\Datasety_do_treningu\wheat\test_images\cls\Healthy\b1b1b1b1b1b1b3f1.jpg,3,PowderyMildew,0.349892,0.298704,0.042213,0.151028,0.349892,0.046884,0.059598,0.051680
D:\inzynierka\Datasety_do_treningu\wheat\test_images\cls\Healthy\bffffef0f8f01090.jpg,0,Healthy,0.804786,0.804786,0.012999,0.118878,0.021740,0.005343,0.022061,0.014192
D:\inzynierka\Datasety_do_treningu\wheat\test_images\cls\Healthy\d8d0f9f8e0887060.jpg,0,Healthy,0.553753,0.553753,0.056023,0.161170,0.039729,0.046148,0.077194,0.065983
D:\inzynierka\Datasety_do_treningu\wheat\test_images\cls\Healthy\db7ffef8f4f0f080.jpg,2,Rust,0.402640,0.357434,0.068737,0.402640,0.055132,0.032934,0.044431,0.038693
D:\inzynierka\Datasety_do_treningu\wheat\test_images\cls\Healthy\de0c185373f0c080.jpg,0,Healthy,0.428403,0.428403,0.203232,0.166909,0.040547,0.018944,0.073449,0.068516
D:\inzynierka\Datasety_do_treningu\wheat\test_images\cls\Healthy\e0f8f8f0f0f0f0e0.jpg,0,Healthy,0.715696,0.715696,0.024682,0.109721,0.020983,0.029148,0.057634,0.042137
D:\inzynierka\Datasety_do_treningu\wheat\test_images\cls\Healthy\ecc43078fcf40000.jpg,2,Rust,0.538185,0.218114,0.049879,0.538185,0.103508,0.031077,0.036306,0.022932
D:\inzynierka\Datasety_do_treningu\wheat\test_images\cls\Healthy\ff03e130f8c08c3c.jpg,0,Healthy,0.532901,0.532901,0.077798,0.120662,0.070348,0.056278,0.102762,0.039251
D:\inzynierka\Datasety_do_treningu\wheat\test_images\cls\Healthy\ff7ffdbd08000000.jpg,0,Healthy,0.871372,0.871372,0.015645,0.030482,0.033360,0.013257,0.019408,0.016476
D:\inzynierka\Datasety_do_treningu\wheat\test_images\cls\Healthy\ffff199919b03078.jpg,0,Healthy,0.692177,0.692177,0.027952,0.028370,0.162756,0.033481,0.025582,0.029681
D:\inzynierka\Datasety_do_treningu\wheat\test_images\cls\Healthy\ffff1f1f3f090101.jpg,0,Healthy,0.650137,0.650137,0.079621,0.131789,0.037052,0.023424,0.032108,0.045869
D:\inzynierka\Datasety_do_treningu\wheat\test_images\cls\Healthy\ffff3c8c00000000.jpg,0,Healthy,0.778322,0.778322,0.022561,0.122247,0.019723,0.010758,0.023058,0.023331
D:\inzynierka\Datasety_do_treningu\wheat\test_images\cls\Healthy\ffff775790888040.jpg,0,Healthy,0.775482,0.775482,0.037627,0.048477,0.056594,0.020834,0.033144,0.027841
D:\inzynierka\Datasety_do_treningu\wheat\test_images\cls\Healthy\HealthyLeaf_10.jpg,0,Healthy,0.803063,0.803063,0.018912,0.030846,0.031678,0.027949,0.030448,0.057104
D:\inzynierka\Datasety_do_treningu\wheat\test_images\cls\Healthy\HealthyLeaf_114.jpg,0,Healthy,0.883740,0.883740,0.019887,0.013962,0.021073,0.018219,0.020134,0.022985
D:\inzynierka\Datasety_do_treningu\wheat\test_images\cls\Healthy\HealthyLeaf_120.jpg,2,Rust,0.485720,0.208327,0.097681,0.485720,0.056819,0.053004,0.062366,0.036083
D:\inzynierka\Datasety_do_treningu\wheat\test_images\cls\Healthy\HealthyLeaf_135.jpg,0,Healthy,0.666127,0.666127,0.064828,0.026943,0.023187,0.149746,0.039352,0.029817
D:\inzynierka\Datasety_do_treningu\wheat\test_images\cls\Healthy\HealthyLeaf_165.jpg,0,Healthy,0.487989,0.487989,0.042454,0.075899,0.052494,0.038050,0.078778,0.224335
D:\inzynierka\Datasety_do_treningu\wheat\test_images\cls\Healthy\HealthyLeaf_18.jpg,0,Healthy,0.755230,0.755230,0.021322,0.090258,0.032754,0.018448,0.040435,0.041554
D:\inzynierka\Datasety_do_treningu\wheat\test_images\cls\Healthy\HealthyLeaf_186.jpg,0,Healthy,0.623917,0.623917,0.067921,0.106204,0.024441,0.039974,0.063881,0.073663
D:\inzynierka\Datasety_do_treningu\wheat\test_images\cls\Healthy\HealthyLeaf_204.jpg,0,Healthy,0.902956,0.902956,0.014020,0.018138,0.018511,0.008233,0.016916,0.021225
D:\inzynierka\Datasety_do_treningu\wheat\test_images\cls\Healthy\HealthyLeaf_214.jpg,0,Healthy,0.841721,0.841721,0.021210,0.030615,0.017483,0.013603,0.040175,0.035191
D:\inzynierka\Datasety_do_treningu\wheat\test_images\cls\Healthy\HealthyLeaf_228.jpg,0,Healthy,0.735622,0.735622,0.028815,0.096404,0.036706,0.029944,0.042888,0.029620
D:\inzynierka\Datasety_do_treningu\wheat\test_images\cls\Healthy\HealthyLeaf_233.jpg,0,Healthy,0.556021,0.556021,0.041659,0.074946,0.032054,0.053924,0.080255,0.161140
D:\inzynierka\Datasety_do_treningu\wheat\test_images\cls\Healthy\HealthyLeaf_249.jpg,0,Healthy,0.490451,0.490451,0.042879,0.067700,0.033806,0.038641,0.059386,0.267138
D:\inzynierka\Datasety_do_treningu\wheat\test_images\cls\Healthy\HealthyLeaf_39.jpg,0,Healthy,0.857820,0.857820,0.021770,0.041695,0.023377,0.014731,0.024846,0.015760
D:\inzynierka\Datasety_do_treningu\wheat\test_images\cls\Healthy\HealthyLeaf_51.jpg,0,Healthy,0.876170,0.876170,0.019183,0.023880,0.018132,0.013610,0.025577,0.023448
D:\inzynierka\Datasety_do_treningu\wheat\test_images\cls\Healthy\HealthyLeaf_54.jpg,0,Healthy,0.863807,0.863807,0.014164,0.043615,0.010576,0.012637,0.028163,0.027038
D:\inzynierka\Datasety_do_treningu\wheat\test_images\cls\Healthy\HealthyLeaf_62.jpg,0,Healthy,0.852565,0.852565,0.023130,0.038101,0.025341,0.015115,0.025780,0.019968
D:\inzynierka\Datasety_do_treningu\wheat\test_images\cls\Healthy\HealthyLeaf_63.jpg,0,Healthy,0.753526,0.753526,0.039828,0.055088,0.035719,0.031025,0.049304,0.035510
D:\inzynierka\Datasety_do_treningu\wheat\test_images\cls\Healthy\HealthyLeaf_69.jpg,0,Healthy,0.849826,0.849826,0.029658,0.029109,0.022853,0.017373,0.030133,0.021048
D:\inzynierka\Datasety_do_treningu\wheat\test_images\cls\Healthy\HealthyLeaf_72.jpg,0,Healthy,0.835494,0.835494,0.022757,0.050534,0.032628,0.019803,0.023869,0.014914
D:\inzynierka\Datasety_do_treningu\wheat\test_images\cls\Healthy\HealthyLeaf_91.jpg,0,Healthy,0.895756,0.895756,0.009327,0.016635,0.036186,0.010687,0.020740,0.010669
D:\inzynierka\Datasety_do_treningu\wheat\test_images\cls\LeafBlight\00e0fcfff3e18c80.jpg,2,Rust,0.873748,0.024121,0.031186,0.873748,0.022642,0.010695,0.018314,0.019295
D:\inzynierka\Datasety_do_treningu\wheat\test_images\cls\LeafBlight\0c2cf52764641c59.jpg,2,Rust,0.405231,0.215178,0.146816,0.405231,0.134871,0.022997,0.041483,0.033424
D:\inzynierka\Datasety_do_treningu\wheat\test_images\cls\LeafBlight\5a58686b696c0c05.jpg,1,LeafBlight,0.470934,0.029925,0.470934,0.133815,0.179284,0.063501,0.060967,0.061575
D:\inzynierka\Datasety_do_treningu\wheat\test_images\cls\LeafBlight\8030e0779b21f8f8.jpg,2,Rust,0.459213,0.305497,0.092895,0.459213,0.063825,0.019198,0.029523,0.029848
D:\inzynierka\Datasety_do_treningu\wheat\test_images\cls\LeafBlight\9396f9f4fe703020.jpg,1,LeafBlight,0.554010,0.049720,0.554010,0.236403,0.059038,0.032179,0.039651,0.029000
D:\inzynierka\Datasety_do_treningu\wheat\test_images\cls\LeafBlight\9e0a633e0f07030b.jpg,2,Rust,0.415456,0.033300,0.183524,0.415456,0.215877,0.045702,0.056754,0.049388
D:\inzynierka\Datasety_do_treningu\wheat\test_images\cls\LeafBlight\cd7dbdff38181809.jpg,2,Rust,0.506266,0.065651,0.204590,0.506266,0.102325,0.029951,0.055491,0.035726
D:\inzynierka\Datasety_do_treningu\wheat\test_images\cls\LeafBlight\ece9ebefe6e41820.jpg,2,Rust,0.811324,0.021980,0.088253,0.811324,0.023826,0.020007,0.019509,0.015101
D:\inzynierka\Datasety_do_treningu\wheat\test_images\cls\LeafBlight\f0f8f0e8f0f0d030.jpg,2,Rust,0.437129,0.035983,0.332021,0.437129,0.111547,0.025940,0.031852,0.025528
D:\inzynierka\Datasety_do_treningu\wheat\test_images\cls\LeafBlight\fbff0c1818d09083.jpg,2,Rust,0.517166,0.039296,0.234227,0.517166,0.082419,0.033342,0.058774,0.034776
D:\inzynierka\Datasety_do_treningu\wheat\test_images\cls\LeafBlight\ffcede761e0e0321.jpg,2,Rust,0.594808,0.020817,0.243870,0.594808,0.039379,0.029325,0.031617,0.040185
D:\inzynierka\Datasety_do_treningu\wheat\test_images\cls\LeafBlight\fff70f3f00000000.jpg,1,LeafBlight,0.485467,0.104066,0.485467,0.207490,0.039738,0.051546,0.053043,0.058650
D:\inzynierka\Datasety_do_treningu\wheat\test_images\cls\LeafBlight\LeafBlight_100.jpg,1,LeafBlight,0.652026,0.063131,0.652026,0.061871,0.044101,0.035597,0.101236,0.042038
D:\inzynierka\Datasety_do_treningu\wheat\test_images\cls\LeafBlight\LeafBlight_118.jpg,1,LeafBlight,0.840064,0.026385,0.840064,0.029391,0.013591,0.030814,0.024938,0.034817
D:\inzynierka\Datasety_do_treningu\wheat\test_images\cls\LeafBlight\LeafBlight_122.jpg,1,LeafBlight,0.783959,0.034850,0.783959,0.039110,0.024591,0.040430,0.043123,0.033936
D:\inzynierka\Datasety_do_treningu\wheat\test_images\cls\LeafBlight\LeafBlight_126.jpg,1,LeafBlight,0.859921,0.024156,0.859921,0.042040,0.020018,0.010534,0.026221,0.017111
D:\inzynierka\Datasety_do_treningu\wheat\test_images\cls\LeafBlight\LeafBlight_131.jpg,1,LeafBlight,0.781311,0.038852,0.781311,0.074390,0.031654,0.016509,0.033039,0.024244
D:\inzynierka\Datasety_do_treningu\wheat\test_images\cls\LeafBlight\LeafBlight_14.jpg,1,LeafBlight,0.666383,0.049448,0.666383,0.103223,0.049481,0.040812,0.064280,0.026374
D:\inzynierka\Datasety_do_treningu\wheat\test_images\cls\LeafBlight\LeafBlight_159.jpg,1,LeafBlight,0.678357,0.087873,0.678357,0.067216,0.061805,0.021933,0.039222,0.043594
D:\inzynierka\Datasety_do_treningu\wheat\test_images\cls\LeafBlight\LeafBlight_167.jpg,1,LeafBlight,0.745540,0.044462,0.745540,0.040563,0.061835,0.030840,0.032487,0.044275
D:\inzynierka\Datasety_do_treningu\wheat\test_images\cls\LeafBlight\LeafBlight_177.jpg,1,LeafBlight,0.783408,0.031723,0.783408,0.050737,0.030904,0.036052,0.032211,0.034965
D:\inzynierka\Datasety_do_treningu\wheat\test_images\cls\LeafBlight\LeafBlight_183.jpg,1,LeafBlight,0.739425,0.053411,0.739425,0.049418,0.054380,0.027838,0.040708,0.034821
D:\inzynierka\Datasety_do_treningu\wheat\test_images\cls\LeafBlight\LeafBlight_19.jpg,1,LeafBlight,0.661812,0.071810,0.661812,0.104240,0.037494,0.044027,0.053837,0.026780
D:\inzynierka\Datasety_do_treningu\wheat\test_images\cls\LeafBlight\LeafBlight_192.jpg,1,LeafBlight,0.665295,0.090596,0.665295,0.087533,0.044504,0.030540,0.045393,0.036140
D:\inzynierka\Datasety_do_treningu\wheat\test_images\cls\LeafBlight\LeafBlight_213.jpg,1,LeafBlight,0.754871,0.031073,0.754871,0.105268,0.017543,0.027493,0.024020,0.039732
D:\inzynierka\Datasety_do_treningu\wheat\test_images\cls\LeafBlight\LeafBlight_242.jpg,1,LeafBlight,0.603672,0.097000,0.603672,0.104056,0.030111,0.048447,0.051750,0.064965
D:\inzynierka\Datasety_do_treningu\wheat\test_images\cls\LeafBlight\LeafBlight_243.jpg,1,LeafBlight,0.659032,0.067413,0.659032,0.086140,0.023083,0.046014,0.048000,0.070317
D:\inzynierka\Datasety_do_treningu\wheat\test_images\cls\LeafBlight\LeafBlight_262.jpg,1,LeafBlight,0.647164,0.059260,0.647164,0.060641,0.090716,0.028463,0.077821,0.035934
D:\inzynierka\Datasety_do_treningu\wheat\test_images\cls\LeafBlight\LeafBlight_27.jpg,1,LeafBlight,0.590905,0.085069,0.590905,0.160990,0.025801,0.048050,0.053928,0.035257
D:\inzynierka\Datasety_do_treningu\wheat\test_images\cls\LeafBlight\LeafBlight_29.jpg,1,LeafBlight,0.625248,0.086305,0.625248,0.132903,0.030170,0.033518,0.057746,0.034110
D:\inzynierka\Datasety_do_treningu\wheat\test_images\cls\LeafBlight\LeafBlight_292.jpg,1,LeafBlight,0.593652,0.100005,0.593652,0.109940,0.049169,0.041647,0.060420,0.045167
D:\inzynierka\Datasety_do_treningu\wheat\test_images\cls\LeafBlight\LeafBlight_294.jpg,1,LeafBlight,0.646200,0.067655,0.646200,0.107078,0.038041,0.041503,0.058792,0.040731
D:\inzynierka\Datasety_do_treningu\wheat\test_images\cls\LeafBlight\LeafBlight_322.jpg,1,LeafBlight,0.806107,0.031617,0.806107,0.031187,0.037558,0.026325,0.031583,0.035623
D:\inzynierka\Datasety_do_treningu\wheat\test_images\cls\LeafBlight\LeafBlight_338.jpg,1,LeafBlight,0.844667,0.018935,0.844667,0.017480,0.052302,0.022998,0.023616,0.020002
D:\inzynierka\Datasety_do_treningu\wheat\test_images\cls\LeafBlight\LeafBlight_369.jpg,1,LeafBlight,0.709195,0.056694,0.709195,0.042473,0.035892,0.051929,0.055798,0.048019
D:\inzynierka\Datasety_do_treningu\wheat\test_images\cls\LeafBlight\LeafBlight_373.jpg,1,LeafBlight,0.781984,0.031297,0.781984,0.027566,0.036790,0.036744,0.032612,0.053008
D:\inzynierka\Datasety_do_treningu\wheat\test_images\cls\LeafBlight\LeafBlight_377.jpg,1,LeafBlight,0.805183,0.032261,0.805183,0.020915,0.027580,0.033673,0.033594,0.046793
D:\inzynierka\Datasety_do_treningu\wheat\test_images\cls\LeafBlight\LeafBlight_396.jpg,1,LeafBlight,0.874866,0.018291,0.874866,0.017197,0.014067,0.024741,0.022299,0.028537
D:\inzynierka\Datasety_do_treningu\wheat\test_images\cls\LeafBlight\LeafBlight_96.jpg,1,LeafBlight,0.655145,0.057153,0.655145,0.064143,0.042310,0.037998,0.106295,0.036957
D:\inzynierka\Datasety_do_treningu\wheat\test_images\cls\PowderyMildew\001833edefccdcc2.jpg,3,PowderyMildew,0.391065,0.060227,0.063498,0.315940,0.391065,0.044849,0.102903,0.021519
D:\inzynierka\Datasety_do_treningu\wheat\test_images\cls\PowderyMildew\0288ef7f5e775744.jpg,3,PowderyMildew,0.768362,0.074147,0.033191,0.057045,0.768362,0.016744,0.029199,0.021312
D:\inzynierka\Datasety_do_treningu\wheat\test_images\cls\PowderyMildew\0f070707070f0f17.jpg,3,PowderyMildew,0.473027,0.036435,0.022472,0.363892,0.473027,0.024258,0.054649,0.025267
D:\inzynierka\Datasety_do_treningu\wheat\test_images\cls\PowderyMildew\1626242c6c78183c.jpg,3,PowderyMildew,0.708518,0.061217,0.061758,0.026774,0.708518,0.051961,0.035594,0.054177
D:\inzynierka\Datasety_do_treningu\wheat\test_images\cls\PowderyMildew\1918381818182f2c.jpg,3,PowderyMildew,0.804994,0.023615,0.035830,0.046791,0.804994,0.028498,0.033685,0.026587
D:\inzynierka\Datasety_do_treningu\wheat\test_images\cls\PowderyMildew\2f3738f8f0e0e0c0.jpg,2,Rust,0.417728,0.036615,0.103077,0.417728,0.282224,0.060023,0.064293,0.036041
D:\inzynierka\Datasety_do_treningu\wheat\test_images\cls\PowderyMildew\3030303030b030b0.jpg,3,PowderyMildew,0.492253,0.028569,0.072125,0.260269,0.492253,0.042250,0.052096,0.052438
D:\inzynierka\Datasety_do_treningu\wheat\test_images\cls\PowderyMildew\3dbffedcfdf30200.jpg,3,PowderyMildew,0.465749,0.055585,0.087464,0.284853,0.465749,0.035379,0.039464,0.031506
D:\inzynierka\Datasety_do_treningu\wheat\test_images\cls\PowderyMildew\400c1bf3ffcfcce6.jpg,2,Rust,0.419466,0.079082,0.070093,0.419466,0.264269,0.041639,0.099417,0.026034
D:\inzynierka\Datasety_do_treningu\wheat\test_images\cls\PowderyMildew\60603018188cc747.jpg,3,PowderyMildew,0.763035,0.060398,0.040641,0.040285,0.763035,0.024566,0.040499,0.030576
D:\inzynierka\Datasety_do_treningu\wheat\test_images\cls\PowderyMildew\7979bede1820c003.jpg,3,PowderyMildew,0.591150,0.060381,0.098873,0.158141,0.591150,0.022610,0.038731,0.030115
D:\inzynierka\Datasety_do_treningu\wheat\test_images\cls\PowderyMildew\80c38786c4c0a4c0.jpg,2,Rust,0.569630,0.068020,0.039665,0.569630,0.221789,0.025108,0.050437,0.025350
D:\inzynierka\Datasety_do_treningu\wheat\test_images\cls\PowderyMildew\a3270f1c3973c282.jpg,3,PowderyMildew,0.780994,0.040831,0.030366,0.067550,0.780994,0.025388,0.022728,0.032143
D:\inzynierka\Datasety_do_treningu\wheat\test_images\cls\PowderyMildew\ae8f162cb9322000.jpg,3,PowderyMildew,0.706108,0.098484,0.034976,0.053188,0.706108,0.033668,0.035487,0.038088
D:\inzynierka\Datasety_do_treningu\wheat\test_images\cls\PowderyMildew\ddbde1e9c0c0e0e0.jpg,3,PowderyMildew,0.385337,0.078903,0.068540,0.335301,0.385337,0.049761,0.057185,0.024975
D:\inzynierka\Datasety_do_treningu\wheat\test_images\cls\PowderyMildew\df3f0fcf49b41408.jpg,0,Healthy,0.292290,0.292290,0.052843,0.158623,0.220579,0.136832,0.073904,0.064929
D:\inzynierka\Datasety_do_treningu\wheat\test_images\cls\PowderyMildew\efef4eac78e08001.jpg,3,PowderyMildew,0.788813,0.021173,0.023115,0.107625,0.788813,0.018060,0.026459,0.014755
D:\inzynierka\Datasety_do_treningu\wheat\test_images\cls\PowderyMildew\ff7f4140c0e08080.jpg,3,PowderyMildew,0.837043,0.031267,0.010074,0.033910,0.837043,0.040070,0.030583,0.017051
D:\inzynierka\Datasety_do_treningu\wheat\test_images\cls\PowderyMildew\fffffe3821ee2000.jpg,3,PowderyMildew,0.541735,0.079920,0.076797,0.211941,0.541735,0.013328,0.048928,0.027351
D:\inzynierka\Datasety_do_treningu\wheat\test_images\cls\Rust\0000000001ffffff.jpg,2,Rust,0.804317,0.052188,0.032914,0.804317,0.028026,0.029248,0.026146,0.027161
D:\inzynierka\Datasety_do_treningu\wheat\test_images\cls\Rust\000000ffffc3cded.jpg,3,PowderyMildew,0.741983,0.034050,0.028169,0.104274,0.741983,0.023924,0.039068,0.028533
D:\inzynierka\Datasety_do_treningu\wheat\test_images\cls\Rust\0000383878f9fbf9.jpg,2,Rust,0.743732,0.029714,0.079966,0.743732,0.076089,0.015517,0.031840,0.023140
D:\inzynierka\Datasety_do_treningu\wheat\test_images\cls\Rust\00003f3f3f3f2f81.jpg,2,Rust,0.645265,0.037639,0.078457,0.645265,0.129450,0.045362,0.035777,0.028050
D:\inzynierka\Datasety_do_treningu\wheat\test_images\cls\Rust\0000ffc21ffef8c0.jpg,1,LeafBlight,0.533001,0.043688,0.533001,0.180223,0.079673,0.057371,0.041827,0.064215
D:\inzynierka\Datasety_do_treningu\wheat\test_images\cls\Rust\0000ffffffff0000.jpg,2,Rust,0.884247,0.023439,0.010564,0.884247,0.028966,0.014395,0.019039,0.019350
D:\inzynierka\Datasety_do_treningu\wheat\test_images\cls\Rust\000171feff011000.jpg,2,Rust,0.574401,0.046517,0.126863,0.574401,0.146125,0.031101,0.047026,0.027968
D:\inzynierka\Datasety_do_treningu\wheat\test_images\cls\Rust\00020f000f3fffff.jpg,2,Rust,0.711138,0.094381,0.057345,0.711138,0.033002,0.025297,0.045814,0.033023
D:\inzynierka\Datasety_do_treningu\wheat\test_images\cls\Rust\001038073f3cfefe.jpg,2,Rust,0.650533,0.018385,0.164452,0.650533,0.067683,0.027142,0.034018,0.037787
D:\inzynierka\Datasety_do_treningu\wheat\test_images\cls\Rust\0100ebebcef77700.jpg,2,Rust,0.756888,0.015882,0.083439,0.756888,0.032124,0.035725,0.043010,0.032932
D:\inzynierka\Datasety_do_treningu\wheat\test_images\cls\Rust\0109cb4d5d1d390d.jpg,2,Rust,0.590889,0.194943,0.058723,0.590889,0.055497,0.020696,0.031511,0.047740
D:\inzynierka\Datasety_do_treningu\wheat\test_images\cls\Rust\03030303037fffff.jpg,2,Rust,0.800228,0.017525,0.039500,0.800228,0.035215,0.030446,0.033562,0.043524
D:\inzynierka\Datasety_do_treningu\wheat\test_images\cls\Rust\070505050787931b.jpg,2,Rust,0.467577,0.110330,0.106832,0.467577,0.185229,0.051623,0.053007,0.025401
D:\inzynierka\Datasety_do_treningu\wheat\test_images\cls\Rust\074848ee78eea10c.jpg,2,Rust,0.544199,0.143470,0.137214,0.544199,0.051175,0.035528,0.035004,0.053410
D:\inzynierka\Datasety_do_treningu\wheat\test_images\cls\Rust\074d0f6fddc7c341.jpg,2,Rust,0.429884,0.048011,0.227267,0.429884,0.219813,0.018531,0.022813,0.033680
D:\inzynierka\Datasety_do_treningu\wheat\test_images\cls\Rust\08f7fa3c3cccc602.jpg,2,Rust,0.788459,0.017536,0.030188,0.788459,0.083692,0.022064,0.032699,0.025362
D:\inzynierka\Datasety_do_treningu\wheat\test_images\cls\Rust\0f00008c99dfffdb.jpg,2,Rust,0.549943,0.024911,0.086277,0.549943,0.175076,0.098698,0.036616,0.028478
D:\inzynierka\Datasety_do_treningu\wheat\test_images\cls\Rust\110787060f9a9df7.jpg,2,Rust,0.638610,0.021624,0.232584,0.638610,0.044102,0.014162,0.026265,0.022654
D:\inzynierka\Datasety_do_treningu\wheat\test_images\cls\Rust\180030fcfef48003.jpg,2,Rust,0.719532,0.131694,0.031463,0.719532,0.034320,0.013871,0.050405,0.018715
D:\inzynierka\Datasety_do_treningu\wheat\test_images\cls\Rust\18080c1c0e0e1703.jpg,2,Rust,0.329312,0.203017,0.117237,0.329312,0.208283,0.030807,0.065062,0.046282
D:\inzynierka\Datasety_do_treningu\wheat\test_images\cls\Rust\18b8f8f8f0f0e060.jpg,3,PowderyMildew,0.293768,0.141046,0.124211,0.249170,0.293768,0.035366,0.102298,0.054140
D:\inzynierka\Datasety_do_treningu\wheat\test_images\cls\Rust\1c1c1c1c1c1c1c1c.jpg,2,Rust,0.932382,0.009772,0.010464,0.932382,0.011067,0.010165,0.014954,0.011196
D:\inzynierka\Datasety_do_treningu\wheat\test_images\cls\Rust\1e3f1d4c3e195004.jpg,2,Rust,0.679240,0.064057,0.055521,0.679240,0.097315,0.036389,0.039104,0.028374
D:\inzynierka\Datasety_do_treningu\wheat\test_images\cls\Rust\1f0f074713191f0f.jpg,2,Rust,0.814484,0.027090,0.016179,0.814484,0.056256,0.023016,0.037955,0.025020
D:\inzynierka\Datasety_do_treningu\wheat\test_images\cls\Rust\1f2f1e1e1c5c381c.jpg,3,PowderyMildew,0.456829,0.024487,0.044573,0.364483,0.456829,0.052062,0.033848,0.023720
D:\inzynierka\Datasety_do_treningu\wheat\test_images\cls\Rust\203878b93f7e7313.jpg,2,Rust,0.526318,0.072025,0.151194,0.526318,0.089484,0.042583,0.072061,0.046336
D:\inzynierka\Datasety_do_treningu\wheat\test_images\cls\Rust\2383c7672d0f093b.jpg,2,Rust,0.389509,0.164023,0.207810,0.389509,0.102344,0.049336,0.052310,0.034668
D:\inzynierka\Datasety_do_treningu\wheat\test_images\cls\Rust\27140b9fff818804.jpg,2,Rust,0.835640,0.044043,0.035334,0.835640,0.042933,0.007401,0.018098,0.016552
D:\inzynierka\Datasety_do_treningu\wheat\test_images\cls\Rust\2f7f1f1f070c0000.jpg,2,Rust,0.735289,0.034212,0.090254,0.735289,0.059015,0.024064,0.038647,0.018519
D:\inzynierka\Datasety_do_treningu\wheat\test_images\cls\Rust\3090f13c3c18aff7.jpg,2,Rust,0.414784,0.046211,0.123880,0.414784,0.235590,0.090059,0.051803,0.037674
D:\inzynierka\Datasety_do_treningu\wheat\test_images\cls\Rust\32c2c465557c848c.jpg,1,LeafBlight,0.411399,0.051122,0.411399,0.154152,0.092823,0.152640,0.090267,0.047596
D:\inzynierka\Datasety_do_treningu\wheat\test_images\cls\Rust\333bf818181c1818.jpg,2,Rust,0.676987,0.029286,0.072660,0.676987,0.138231,0.024084,0.037491,0.021261
D:\inzynierka\Datasety_do_treningu\wheat\test_images\cls\Rust\37373f2f0b630302.jpg,2,Rust,0.636239,0.068409,0.089740,0.636239,0.086361,0.049295,0.041917,0.028040
D:\inzynierka\Datasety_do_treningu\wheat\test_images\cls\Rust\3804e1f21804fcfc.jpg,2,Rust,0.731423,0.037381,0.151708,0.731423,0.022685,0.009433,0.031177,0.016193
D:\inzynierka\Datasety_do_treningu\wheat\test_images\cls\Rust\3a3a3a3232303030.jpg,2,Rust,0.843330,0.038570,0.029078,0.843330,0.030633,0.014507,0.021838,0.022044
D:\inzynierka\Datasety_do_treningu\wheat\test_images\cls\Rust\3c3c3c0000989cdf.jpg,2,Rust,0.790589,0.044048,0.045982,0.790589,0.047192,0.018531,0.032658,0.021001
D:\inzynierka\Datasety_do_treningu\wheat\test_images\cls\Rust\40adef7c5c547470.jpg,2,Rust,0.714604,0.066739,0.076210,0.714604,0.066267,0.019933,0.036797,0.019449
D:\inzynierka\Datasety_do_treningu\wheat\test_images\cls\Rust\414102830647cff7.jpg,2,Rust,0.951116,0.003550,0.010900,0.951116,0.012765,0.006523,0.009215,0.005930
D:\inzynierka\Datasety_do_treningu\wheat\test_images\cls\Rust\434f4f6b7b7b5110.jpg,2,Rust,0.913017,0.011767,0.020644,0.913017,0.015816,0.011050,0.017468,0.010237
D:\inzynierka\Datasety_do_treningu\wheat\test_images\cls\Rust\4783c7c38383ffff.jpg,2,Rust,0.819254,0.020455,0.028759,0.819254,0.029838,0.021044,0.031296,0.049354
D:\inzynierka\Datasety_do_treningu\wheat\test_images\cls\Rust\4f6e4c6eee480c08.jpg,2,Rust,0.818424,0.029385,0.046593,0.818424,0.029729,0.024234,0.028723,0.022911
D:\inzynierka\Datasety_do_treningu\wheat\test_images\cls\Rust\5f0f076327076373.jpg,2,Rust,0.901994,0.008991,0.017240,0.901994,0.029293,0.009828,0.022014,0.010641
D:\inzynierka\Datasety_do_treningu\wheat\test_images\cls\Rust\6125f5dd66f0182c.jpg,0,Healthy,0.754247,0.754247,0.070605,0.066790,0.038547,0.018397,0.026736,0.024677
D:\inzynierka\Datasety_do_treningu\wheat\test_images\cls\Rust\6406cf888ccfdb18.jpg,2,Rust,0.562463,0.057989,0.118717,0.562463,0.141137,0.016200,0.041117,0.062377
D:\inzynierka\Datasety_do_treningu\wheat\test_images\cls\Rust\66c2e03c38390b13.jpg,2,Rust,0.889178,0.031724,0.037471,0.889178,0.008380,0.008348,0.013137,0.011762
D:\inzynierka\Datasety_do_treningu\wheat\test_images\cls\Rust\6f7db53998332303.jpg,2,Rust,0.810668,0.055326,0.037964,0.810668,0.023095,0.033199,0.017548,0.022200
D:\inzynierka\Datasety_do_treningu\wheat\test_images\cls\Rust\70f8fcf0f4606060.jpg,2,Rust,0.661584,0.067020,0.108388,0.661584,0.081407,0.019371,0.038571,0.023660
D:\inzynierka\Datasety_do_treningu\wheat\test_images\cls\Rust\73f3cfddd0ae4700.jpg,2,Rust,0.902584,0.019402,0.022193,0.902584,0.014170,0.010615,0.020073,0.010964
D:\inzynierka\Datasety_do_treningu\wheat\test_images\cls\Rust\76fe6e3e22aa3210.jpg,2,Rust,0.375252,0.023016,0.277376,0.375252,0.072546,0.155428,0.068003,0.028378
D:\inzynierka\Datasety_do_treningu\wheat\test_images\cls\Rust\797ece4f4b0b0a02.jpg,2,Rust,0.613284,0.027151,0.185250,0.613284,0.073115,0.039976,0.041128,0.020097
D:\inzynierka\Datasety_do_treningu\wheat\test_images\cls\Rust\7c7476666666e2e0.jpg,2,Rust,0.596155,0.042672,0.125612,0.596155,0.125473,0.028673,0.050863,0.030552
D:\inzynierka\Datasety_do_treningu\wheat\test_images\cls\Rust\7e1c1c3c7c3c1c1c.jpg,2,Rust,0.568883,0.089322,0.073313,0.568883,0.137821,0.040010,0.060080,0.030572
D:\inzynierka\Datasety_do_treningu\wheat\test_images\cls\Rust\7e787abfcf810000.jpg,2,Rust,0.527801,0.059792,0.093645,0.527801,0.134718,0.077926,0.073564,0.032554
D:\inzynierka\Datasety_do_treningu\wheat\test_images\cls\Rust\7e7f100000d6ffff.jpg,2,Rust,0.859031,0.025564,0.033945,0.859031,0.023868,0.013610,0.026734,0.017248
D:\inzynierka\Datasety_do_treningu\wheat\test_images\cls\Rust\7f1b1f3968733c24.jpg,2,Rust,0.780477,0.023073,0.073479,0.780477,0.065388,0.018207,0.025078,0.014297
D:\inzynierka\Datasety_do_treningu\wheat\test_images\cls\Rust\7f4b8303c7c6c04c.jpg,0,Healthy,0.353973,0.353973,0.081229,0.259295,0.028732,0.032514,0.183783,0.060473
D:\inzynierka\Datasety_do_treningu\wheat\test_images\cls\Rust\7f79b898f8780c00.jpg,1,LeafBlight,0.410910,0.023302,0.410910,0.294903,0.124074,0.052790,0.055550,0.038471
D:\inzynierka\Datasety_do_treningu\wheat\test_images\cls\Rust\7f7e7e387c24080c.jpg,2,Rust,0.376368,0.264297,0.167121,0.376368,0.054229,0.035487,0.048241,0.054258
D:\inzynierka\Datasety_do_treningu\wheat\test_images\cls\Rust\80981c3c3c3c1c3c.jpg,2,Rust,0.807407,0.053003,0.043890,0.807407,0.031781,0.016186,0.029507,0.018226
D:\inzynierka\Datasety_do_treningu\wheat\test_images\cls\Rust\82c0e0f0f0fcfc41.jpg,2,Rust,0.834683,0.011282,0.076866,0.834683,0.026231,0.013301,0.020880,0.016756
D:\inzynierka\Datasety_do_treningu\wheat\test_images\cls\Rust\830010b73ce47360.jpg,2,Rust,0.578195,0.135231,0.051709,0.578195,0.081157,0.069972,0.044824,0.038913
D:\inzynierka\Datasety_do_treningu\wheat\test_images\cls\Rust\8587c7c6c9696b4b.jpg,2,Rust,0.560604,0.043821,0.061682,0.560604,0.188659,0.038096,0.063513,0.043625
D:\inzynierka\Datasety_do_treningu\wheat\test_images\cls\Rust\8787c30303033fff.jpg,2,Rust,0.780749,0.027425,0.035656,0.780749,0.033627,0.031493,0.039093,0.051957
D:\inzynierka\Datasety_do_treningu\wheat\test_images\cls\Rust\90e0d898fcf6f0d8.jpg,2,Rust,0.481548,0.325548,0.058190,0.481548,0.042158,0.022429,0.034466,0.035662
D:\inzynierka\Datasety_do_treningu\wheat\test_images\cls\Rust\97d36376f7010166.jpg,2,Rust,0.752560,0.015906,0.026865,0.752560,0.094801,0.032922,0.046296,0.030650
D:\inzynierka\Datasety_do_treningu\wheat\test_images\cls\Rust\98790d0f0f030323.jpg,2,Rust,0.815061,0.020890,0.078712,0.815061,0.033853,0.009785,0.023123,0.018575
D:\inzynierka\Datasety_do_treningu\wheat\test_images\cls\Rust\98c0c0e4fadf4f4f.jpg,2,Rust,0.469189,0.107210,0.206473,0.469189,0.076719,0.040641,0.045047,0.054722
D:\inzynierka\Datasety_do_treningu\wheat\test_images\cls\Rust\9c8e9dfffe90e080.jpg,2,Rust,0.628694,0.101663,0.074364,0.628694,0.095020,0.017327,0.062541,0.020393
D:\inzynierka\Datasety_do_treningu\wheat\test_images\cls\Rust\a303131f1f0f8f0f.jpg,2,Rust,0.865114,0.049677,0.023035,0.865114,0.020665,0.012194,0.016995,0.012320
D:\inzynierka\Datasety_do_treningu\wheat\test_images\cls\Rust\a381c1c180c1c1ff.jpg,2,Rust,0.823432,0.031989,0.039650,0.823432,0.029429,0.024105,0.031890,0.019505
D:\inzynierka\Datasety_do_treningu\wheat\test_images\cls\Rust\a7a7a786c5a5a3a7.jpg,2,Rust,0.868853,0.015675,0.032769,0.868853,0.019467,0.012969,0.017198,0.033070
D:\inzynierka\Datasety_do_treningu\wheat\test_images\cls\Rust\b8f0f058585818b8.jpg,2,Rust,0.781620,0.021512,0.090500,0.781620,0.029710,0.018209,0.028535,0.029913
D:\inzynierka\Datasety_do_treningu\wheat\test_images\cls\Rust\bcbcf9dd1bdb8300.jpg,2,Rust,0.757930,0.044293,0.062806,0.757930,0.066453,0.022046,0.028161,0.018312
D:\inzynierka\Datasety_do_treningu\wheat\test_images\cls\Rust\bf1f180a8f9ff1e3.jpg,3,PowderyMildew,0.319078,0.091587,0.080668,0.285623,0.319078,0.064154,0.055785,0.103105
D:\inzynierka\Datasety_do_treningu\wheat\test_images\cls\Rust\bffdf93e271f9200.jpg,2,Rust,0.903922,0.023446,0.025276,0.903922,0.012274,0.011907,0.013312,0.009861
D:\inzynierka\Datasety_do_treningu\wheat\test_images\cls\Rust\c0c1e0e0fff0e00c.jpg,2,Rust,0.487378,0.335848,0.054442,0.487378,0.032608,0.023617,0.041755,0.024351
D:\inzynierka\Datasety_do_treningu\wheat\test_images\cls\Rust\c1c3e7770d070300.jpg,2,Rust,0.888285,0.012842,0.015466,0.888285,0.045809,0.009478,0.017616,0.010505
D:\inzynierka\Datasety_do_treningu\wheat\test_images\cls\Rust\c1cddfbf3f300009.jpg,2,Rust,0.947955,0.014525,0.005420,0.947955,0.010063,0.004844,0.012581,0.004611
D:\inzynierka\Datasety_do_treningu\wheat\test_images\cls\Rust\c3a387d7dbc4c0e1.jpg,2,Rust,0.845129,0.018779,0.040868,0.845129,0.026756,0.015775,0.023927,0.028765
D:\inzynierka\Datasety_do_treningu\wheat\test_images\cls\Rust\c7ce6c7c7e323020.jpg,2,Rust,0.716724,0.124521,0.037016,0.716724,0.034793,0.016845,0.042101,0.028000
D:\inzynierka\Datasety_do_treningu\wheat\test_images\cls\Rust\c8fcfc9bb81c0305.jpg,2,Rust,0.514725,0.022365,0.098948,0.514725,0.044211,0.056912,0.076873,0.185966
D:\inzynierka\Datasety_do_treningu\wheat\test_images\cls\Rust\ccbc3e7efec8c0c0.jpg,2,Rust,0.375993,0.246411,0.139124,0.375993,0.137263,0.028857,0.036158,0.036193
D:\inzynierka\Datasety_do_treningu\wheat\test_images\cls\Rust\cd191733300e0600.jpg,2,Rust,0.834442,0.015945,0.025745,0.834442,0.063104,0.019003,0.025119,0.016643
D:\inzynierka\Datasety_do_treningu\wheat\test_images\cls\Rust\cfc7c70707001b13.jpg,2,Rust,0.778255,0.052456,0.031467,0.778255,0.059661,0.013262,0.032554,0.032345
D:\inzynierka\Datasety_do_treningu\wheat\test_images\cls\Rust\dc9ecef48e20e050.jpg,2,Rust,0.434163,0.121343,0.125334,0.434163,0.192283,0.057152,0.049771,0.019954
D:\inzynierka\Datasety_do_treningu\wheat\test_images\cls\Rust\dcdcb8b83070e0e0.jpg,2,Rust,0.742360,0.022355,0.079278,0.742360,0.086205,0.016563,0.029730,0.023510
D:\inzynierka\Datasety_do_treningu\wheat\test_images\cls\Rust\df1843b3070d1f26.jpg,0,Healthy,0.649224,0.649224,0.074229,0.129402,0.057097,0.033594,0.029584,0.026869
D:\inzynierka\Datasety_do_treningu\wheat\test_images\cls\Rust\dfdf5f0ae1e40701.jpg,2,Rust,0.644174,0.114630,0.111022,0.644174,0.032191,0.036460,0.037124,0.024399
D:\inzynierka\Datasety_do_treningu\wheat\test_images\cls\Rust\dff8fefe00f83f00.jpg,2,Rust,0.483778,0.038943,0.343698,0.483778,0.048939,0.031164,0.031237,0.022241
D:\inzynierka\Datasety_do_treningu\wheat\test_images\cls\Rust\dff9fd9494981103.jpg,2,Rust,0.853235,0.030235,0.021924,0.853235,0.048569,0.010489,0.020613,0.014936
D:\inzynierka\Datasety_do_treningu\wheat\test_images\cls\Rust\dffff9feff080000.jpg,2,Rust,0.862781,0.027460,0.023486,0.862781,0.023577,0.017312,0.025725,0.019659
D:\inzynierka\Datasety_do_treningu\wheat\test_images\cls\Rust\e0f0f8fcfc7e3f1f.jpg,2,Rust,0.837622,0.024269,0.033457,0.837622,0.038227,0.019857,0.023012,0.023555
D:\inzynierka\Datasety_do_treningu\wheat\test_images\cls\Rust\e3e7e7c3c3e7e7e3.jpg,2,Rust,0.347278,0.134893,0.146902,0.347278,0.134259,0.076347,0.058732,0.101589
D:\inzynierka\Datasety_do_treningu\wheat\test_images\cls\Rust\e478c0ffffc0c0c0.jpg,2,Rust,0.544076,0.117344,0.119053,0.544076,0.071407,0.049341,0.056667,0.042111
D:\inzynierka\Datasety_do_treningu\wheat\test_images\cls\Rust\e50480ce03bbf4f8.jpg,2,Rust,0.334468,0.047960,0.175951,0.334468,0.296885,0.047877,0.059819,0.037040
D:\inzynierka\Datasety_do_treningu\wheat\test_images\cls\Rust\e6c67e4606cefeff.jpg,2,Rust,0.843940,0.015394,0.026775,0.843940,0.019217,0.026521,0.032905,0.035249
D:\inzynierka\Datasety_do_treningu\wheat\test_images\cls\Rust\f0e0f8f8fef3e121.jpg,2,Rust,0.641593,0.080164,0.104652,0.641593,0.082928,0.041968,0.030309,0.018385
D:\inzynierka\Datasety_do_treningu\wheat\test_images\cls\Rust\f0f0f8f070704000.jpg,2,Rust,0.653418,0.076893,0.127540,0.653418,0.071203,0.015210,0.030021,0.025715
D:\inzynierka\Datasety_do_treningu\wheat\test_images\cls\Rust\f0fb7e7f783c0360.jpg,2,Rust,0.723236,0.037849,0.150552,0.723236,0.014430,0.018320,0.026540,0.029073
D:\inzynierka\Datasety_do_treningu\wheat\test_images\cls\Rust\f3f8fcf6e4018000.jpg,2,Rust,0.822326,0.049927,0.036394,0.822326,0.035696,0.015955,0.025000,0.014703
D:\inzynierka\Datasety_do_treningu\wheat\test_images\cls\Rust\f6f6f67c140c0c40.jpg,2,Rust,0.885940,0.021176,0.028872,0.885940,0.021316,0.009319,0.023231,0.010146
D:\inzynierka\Datasety_do_treningu\wheat\test_images\cls\Rust\f7e7f1b01018f027.jpg,0,Healthy,0.444711,0.444711,0.081262,0.327553,0.055697,0.022543,0.038204,0.030030
D:\inzynierka\Datasety_do_treningu\wheat\test_images\cls\Rust\f800b0fefef0fefd.jpg,2,Rust,0.795243,0.044811,0.050974,0.795243,0.026880,0.025409,0.033203,0.023479
